1000
6
16 8157 75361
16 43033 90336
16 63669 26388
16 42076 42363
16 47398 37633
16 8564 85807
6
14 92583 7609
14 35444 9456
14 16654 25968
14 63501 61629
14 3796 96451
14 23446 67931
6
72 17096 96307
72 60403 2090
72 41483 12148
72 26834 29866
72 90475 24855
72 17702 35066
6
18 40899 47630
18 79834 36377
18 67801 39314
18 81061 25681
18 63195 13345
18 61954 72356
6
6 83218 86724
6 52879 26886
6 14036 78499
6 49307 48476
6 10573 10307
6 82540 8771
6
59 70926 85345
59 84375 69335
59 57793 60685
59 79557 28084
59 4611 23295
59 53649 87302
6
84 9458 35355
84 87455 69010
84 77492 91893
84 31225 92077
84 94954 5578
84 50512 54762
6
49 95081 68680
49 97102 60420
49 62444 2942
49 97820 98399
49 30447 81369
49 7527 72737
6
97 21418 42610
97 94406 89474
97 35452 42772
97 70897 83223
97 52039 4213
97 62549 56427
6
51 82429 89574
51 65354 58360
51 12673 40474
51 58051 58255
51 84573 40071
51 74030 18496
6
82 66718 46333
82 14895 38170
82 82867 21309
82 88319 70785
82 82086 78344
82 2983 63758
6
22 53833 71075
22 37563 57734
22 97506 56888
22 39102 89962
22 71485 63994
22 21177 45827
6
21 15655 18418
21 76673 27715
21 53502 87013
21 90247 28059
21 95878 78449
21 26198 22048
6
72 77498 24619
72 22295 567
72 7356 4495
72 39163 35847
72 13869 50440
72 11991 22238
6
91 8411 63945
91 27430 91198
91 98144 80616
91 15961 81355
91 4310 35074
91 56173 44378
6
27 37624 73615
27 9511 4918
27 12434 73164
27 54125 93098
27 26229 7907
27 90287 66814
6
28 91498 23706
28 73906 58764
28 20082 55466
28 11147 67083
28 20954 97986
28 18404 54972
6
97 74052 52563
97 13927 86713
97 48739 69708
97 68333 8537
97 28154 67049
97 31423 39682
6
19 91366 18850
19 877 71919
19 49134 79985
19 1329 71382
19 82694 26067
19 30405 46451
6
97 41438 56955
97 45737 46259
97 33024 11553
97 46685 69617
97 60867 60515
97 15918 82869
6
76 20649 9174
76 38281 7676
76 57656 31644
76 68125 23323
76 20856 52303
76 49875 72944
6
1 76662 10031
1 9559 35996
1 85032 10093
1 16916 51297
1 60463 64480
1 95406 73149
6
19 16423 83595
19 35120 68363
19 95465 49221
19 16617 66546
19 65142 80063
19 51801 79770
6
66 16692 27320
66 95921 77321
66 50692 76605
66 21665 99795
66 83472 91639
66 57523 69726
6
82 46241 25717
82 16901 78624
82 98255 37578
82 87925 51867
82 55448 85359
82 89342 27653
6
1 9988 46112
1 65364 54248
1 46443 93849
1 37731 11096
1 17263 24107
1 2114 57395
6
37 11667 84137
37 89006 46188
37 48346 8406
37 51005 70874
37 94562 22838
37 43766 66426
6
61 63826 34885
61 92697 23765
61 51241 52983
61 17689 95264
61 80232 64497
61 93567 68543
6
81 14322 78284
81 3008 89228
81 20984 95088
81 45739 29525
81 64529 30561
81 53650 23098
6
21 89271 96703
21 35822 62494
21 31066 16800
21 31762 30440
21 95926 49813
21 69606 59864
6
91 95299 81757
91 86074 39740
91 9453 39593
91 73694 84929
91 89945 68518
91 82800 24847
6
61 12881 51420
61 20354 39398
61 24872 87033
61 38981 18010
61 69501 18275
61 42128 41224
6
48 82192 85932
48 74487 11486
48 96783 6830
48 88430 82825
48 60618 14905
48 23091 11254
6
82 80065 50291
82 85046 19838
82 82332 45741
82 64257 88600
82 97662 26809
82 14566 81003
6
62 11031 88614
62 30903 62617
62 35924 99361
62 18527 21632
62 2133 89120
62 81693 11538
6
34 72822 30064
34 50973 22495
34 8655 53734
34 46991 59567
34 76260 10102
34 835 35014
6
5 29683 60396
5 92751 91716
5 29717 74990
5 50803 95084
5 66281 77864
5 64573 18900
6
43 22607 43298
43 41488 24007
43 77864 94720
43 68961 72707
43 67104 19896
43 67637 15247
6
47 59610 49826
47 89354 49985
47 67207 33340
47 66790 44814
47 81459 42198
47 38641 64647
6
69 24653 72209
69 67638 91838
69 99087 94874
69 80671 20405
69 53755 4497
69 63613 71720
6
1 11089 95601
1 93630 23189
1 3373 91684
1 1776 47428
1 39089 11029
1 55415 63374
6
22 41216 54069
22 47116 66925
22 86611 675
22 61822 6242
22 31870 66598
22 23775 13375
6
57 88758 99026
57 26166 31234
57 84365 37478
57 64578 48291
57 43772 43018
57 61932 13453
6
93 60918 63290
93 20317 33141
93 80627 23387
93 63608 46331
93 76610 40883
93 11237 48886
6
31 95351 90323
31 17057 39357
31 20588 62823
31 84751 54604
31 25859 7938
31 16628 2986
6
93 36731 98840
93 29904 31516
93 1358 53678
93 6159 12414
93 57794 16833
93 17786 57943
6
50 24825 7417
50 86937 79919
50 88218 60725
50 6475 65003
50 62609 92153
50 57370 92645
6
89 72451 13408
89 44081 62814
89 87906 36864
89 16510 25440
89 18451 33150
89 99634 7164
6
67 69665 72388
67 87384 68773
67 54137 87578
67 56270 49932
67 48216 2227
67 14132 28990
6
81 16970 46128
81 57866 94668
81 73986 84571
81 72617 51581
81 64705 42624
81 9476 38012
6
72 18354 27838
72 79236 5265
72 52028 55957
72 91869 4286
72 74634 1863
72 59498 77534
6
21 71086 83203
21 36724 87501
21 47541 70769
21 47470 4997
21 79943 13709
21 22992 58564
6
60 61280 16427
60 45939 28651
60 79176 53909
60 53240 25845
60 54887 20815
60 70383 99285
6
95 13887 94511
95 5272 41776
95 65688 38213
95 97813 16551
95 80980 75045
95 22126 53829
6
43 93197 98301
43 28198 58972
43 74522 47827
43 39168 81848
43 82993 33325
43 88675 57386
6
4 9577 32893
4 62577 223
4 915 49735
4 18669 70021
4 26128 15119
4 29809 57117
6
21 69690 82140
21 47485 86022
21 55214 30917
21 99956 74614
21 1287 51366
21 34031 38829
6
58 79263 53169
58 64326 56006
58 33711 29563
58 36551 92230
58 77354 36729
58 46461 80258
6
20 42824 28146
20 5477 5506
20 94856 34482
20 61294 20749
20 82298 95983
20 87888 45409
6
28 34295 23876
28 68236 10203
28 68358 5762
28 94250 56193
28 1568 64987
28 32703 8050
6
92 54442 63210
92 55716 52800
92 72912 19498
92 61222 49500
92 50940 98627
92 19342 35242
6
17 45903 52190
17 46589 92848
17 65496 83484
17 40457 84449
17 88986 69704
17 4120 73013
6
53 63144 33726
53 23539 96780
53 61359 42051
53 93489 6601
53 1174 16696
53 50925 79020
6
7 70140 65529
7 57668 62111
7 71495 50195
7 7959 55543
7 15566 3355
7 35083 36105
6
10 76899 65972
10 73395 86676
10 88394 14987
10 19558 60074
10 27746 71661
10 35752 43048
6
55 16096 15427
55 427 88400
55 17419 63240
55 24606 68928
55 43253 97047
55 39978 43350
6
14 60291 35164
14 73651 47646
14 64474 70704
14 91967 48155
14 91614 79188
14 92325 74792
6
66 81103 57258
66 46605 26904
66 98153 53917
66 33863 39686
66 41547 71694
66 15933 23678
6
57 26045 21459
57 83880 30461
57 85032 70450
57 14288 31006
57 14374 61220
57 88503 32901
6
62 95573 5124
62 40344 52421
62 27907 86941
62 28775 79442
62 55627 52211
62 43241 30185
6
53 53718 42191
53 12771 64331
53 34179 61086
53 93982 66263
53 62371 84428
53 83058 99948
6
26 58143 69843
26 50777 84362
26 26889 80659
26 76588 81813
26 71545 25805
26 90868 19626
6
53 94651 63316
53 49024 87235
53 77974 24656
53 10499 33263
53 18565 21839
53 51480 68287
6
62 57219 8973
62 52359 52217
62 14232 53654
62 20080 60816
62 94099 91326
62 58413 78178
6
91 87531 98370
91 59677 63755
91 84516 73094
91 48802 35693
91 37865 52730
91 13218 56278
6
11 44982 59231
11 40358 7470
11 24177 46996
11 38110 32838
11 99150 12913
11 60771 84625
6
80 91216 60908
80 77486 56834
80 53823 85273
80 60304 12168
80 45754 49731
80 93328 10905
6
30 83073 73698
30 89933 58683
30 28687 77862
30 11730 42670
30 9893 10584
30 34076 21155
6
54 32151 20775
54 97280 46378
54 71308 393
54 11958 2596
54 60872 50959
54 45580 82496
6
2 76293 81053
2 3635 80910
2 83533 65861
2 41712 72047
2 17883 93448
2 76065 60468
6
14 80088 92487
14 32887 77292
14 8626 88776
14 86273 48020
14 79445 77844
14 70046 32910
6
97 56357 1311
97 6756 4112
97 21646 73982
97 59636 28003
97 30578 86331
97 44860 43530
6
70 80749 58308
70 58539 34171
70 80606 27926
70 92093 85167
70 88916 49707
70 79673 54128
6
63 83428 47993
63 27781 49163
63 62912 69327
63 44570 5825
63 25243 47483
63 76842 30861
6
89 12257 57357
89 56106 74428
89 18609 64813
89 33254 41792
89 23905 91738
89 43231 54906
6
91 61411 91335
91 19895 90519
91 96389 11389
91 82223 64732
91 41714 47894
91 25719 33854
6
69 27817 91514
69 56826 42102
69 84429 93405
69 32180 13551
69 54900 69859
69 994 17545
6
91 14760 69034
91 68058 28235
91 6623 74144
91 11271 75064
91 54463 17060
91 10529 35609
6
12 79799 36357
12 13789 81543
12 816 88213
12 39483 87360
12 39684 32984
12 82525 75765
6
73 56883 67483
73 58213 58101
73 96459 79350
73 78707 38907
73 64808 6615
73 80205 51411
6
92 43375 43947
92 40588 82808
92 3770 88266
92 72124 20547
92 6038 67157
92 11448 59621
6
1 65767 93298
1 83322 68780
1 37806 79667
1 73716 43807
1 80772 58848
1 89903 1781
6
27 48262 46914
27 20522 30131
27 51344 78557
27 69691 21921
27 63678 55050
27 31273 79379
6
71 61770 11176
71 5242 60975
71 96602 733
71 59875 95831
71 52581 65438
71 52169 52901
6
37 18391 23384
37 9026 97270
37 45974 5944
37 22717 76714
37 88158 74169
37 59676 7755
6
7 98371 49393
7 72112 20486
7 80029 57077
7 46666 2898
7 5547 55085
7 32789 62341
6
83 85794 94619
83 65424 82804
83 99383 2566
83 28610 85868
83 14757 47530
83 246 25721
6
83 32419 53226
83 11859 17152
83 19375 67515
83 99591 37781
83 34688 7969
83 55297 39791
6
96 14841 37874
96 39529 6322
96 75136 1895
96 47458 74261
96 9733 7144
96 63789 69214
6
68 43109 21450
68 10372 34075
68 31587 32142
68 39227 19649
68 7614 97527
68 44857 76262
6
37 86389 47448
37 60126 86356
37 15170 30000
37 42328 23861
37 37995 46248
37 78744 8835
6
29 65169 64112
29 19767 32781
29 34980 2910
29 97276 73835
29 67769 89245
29 35980 94748
6
58 83793 71881
58 69636 26329
58 55206 70220
58 83734 83543
58 65533 8536
58 60008 9792
6
5 65568 54017
5 5789 70895
5 79947 19527
5 39209 95958
5 38795 94054
5 85875 25227
6
23 29006 53245
23 57784 53049
23 39745 36836
23 34974 75733
23 74341 429
23 18312 38398
6
84 54933 84264
84 44735 73437
84 30429 52864
84 46958 90454
84 14165 96644
84 8577 28601
6
90 54146 75702
90 71412 4950
90 98159 23201
90 88283 72227
90 39888 6717
90 77841 8834
6
45 26584 72668
45 51810 68624
45 42919 81712
45 27828 60593
45 71672 99455
45 25719 49909
6
10 4762 19142
10 54395 69645
10 97098 75938
10 64101 44625
10 63460 38475
10 76636 76015
6
29 9600 54758
29 46094 93451
29 22204 45967
29 60359 74200
29 80572 48128
29 50817 36171
6
98 6382 92943
98 86507 78263
98 82937 80149
98 80290 4313
98 26597 64044
98 41649 18364
6
44 8023 87182
44 22336 67146
44 69285 71612
44 86613 30259
44 44037 68644
44 59632 78004
6
78 89649 5151
78 56015 44645
78 50255 19168
78 81181 84515
78 8728 96724
78 17792 20817
6
54 45279 24476
54 43980 45631
54 20284 35570
54 12750 99054
54 8116 37420
54 83511 95317
6
12 30597 9294
12 82696 67199
12 91898 20324
12 98221 19221
12 14493 33077
12 73967 89754
6
52 93180 49291
52 54887 61017
52 25450 38735
52 78072 24876
52 25458 2131
52 83066 67138
6
70 33116 22748
70 16474 88086
70 95399 11851
70 50302 9743
70 59209 89352
70 88391 43603
6
93 56898 11381
93 24252 92878
93 1583 84726
93 54969 55411
93 20260 16557
93 93637 15971
6
32 99190 82155
32 33485 83133
32 58475 78470
32 85469 55039
32 46222 22058
32 17845 75199
6
62 92939 25594
62 38010 15113
62 48551 89238
62 21360 47074
62 96502 88577
62 10373 18584
6
64 68421 35684
64 24101 44065
64 77465 14912
64 75344 32581
64 9947 32046
64 35910 7287
6
1 93631 86883
1 6430 31389
1 28481 17512
1 2031 51107
1 23471 99274
1 22542 84284
6
29 40260 58872
29 40739 26372
29 10154 21791
29 87224 18552
29 97885 40505
29 45560 47860
6
42 6000 74114
42 30922 83432
42 78195 92815
42 3474 31296
42 91519 20688
42 16952 24868
6
92 54499 44640
92 49989 18670
92 40008 88631
92 33607 37436
92 55014 57869
92 792 99421
6
91 44368 16773
91 83295 44921
91 51521 80189
91 9134 16130
91 95094 40293
91 44853 67116
6
47 23864 80616
47 69260 99258
47 15085 89246
47 67151 93396
47 26867 61134
47 66906 3012
6
45 75610 64707
45 34800 79094
45 62680 60197
45 94005 49744
45 39998 63481
45 47882 77128
6
47 68172 24364
47 94929 87110
47 91514 27745
47 19547 2329
47 52995 44624
47 54512 914
6
97 38180 32752
97 97587 8806
97 95878 6348
97 24512 27040
97 42554 18896
97 98650 24973
6
64 3159 3315
64 22196 35382
64 23925 74937
64 46666 59467
64 45288 32873
64 45920 97693
6
23 25144 68776
23 58952 35370
23 4848 55569
23 80595 12409
23 81286 19980
23 84245 57873
6
27 74391 10400
27 83737 51756
27 38454 85583
27 66125 6970
27 75070 49337
27 15076 36187
6
3 8483 71127
3 24947 26268
3 65326 92736
3 73054 94863
3 38910 82057
3 62434 69587
6
44 11939 11060
44 13555 95335
44 50006 19222
44 98740 10531
44 46738 43428
44 24933 96435
6
58 66908 70095
58 50778 86932
58 52363 41550
58 91925 59386
58 5079 85212
58 36967 67135
6
10 46668 24933
10 86120 12979
10 12940 35898
10 26793 34699
10 57399 96965
10 87892 17753
6
45 44799 44012
45 21263 18260
45 44815 10499
45 64863 33834
45 78554 71992
45 75709 38681
6
21 94514 80345
21 55214 50549
21 92275 53477
21 56108 75238
21 74686 45679
21 83277 87176
6
60 31440 64450
60 82322 52914
60 30668 13954
60 23027 43861
60 1875 52247
60 62124 54129
6
42 20114 79836
42 65653 11074
42 56369 96081
42 17622 79747
42 62453 82573
42 68249 71789
6
75 10186 58487
75 59499 51208
75 94262 88275
75 90059 91387
75 95342 85810
75 28599 22199
6
83 15053 87750
83 97979 12892
83 25508 68139
83 58492 57334
83 26347 89321
83 65369 24933
6
71 41596 83703
71 51777 80154
71 31295 17149
71 71636 42146
71 79116 34646
71 95723 62276
6
67 79366 92661
67 60702 4445
67 70922 11012
67 7764 12149
67 79596 9968
67 92427 55470
6
43 65261 95502
43 18922 11039
43 76555 56198
43 74856 97922
43 82591 74432
43 10043 20317
6
23 27246 88604
23 14243 46172
23 58836 76567
23 99950 92021
23 9152 81840
23 16613 90525
6
96 60160 50909
96 55194 6175
96 20952 94553
96 93852 60266
96 52442 50513
96 79531 97121
6
96 23742 89780
96 2554 13144
96 10165 47112
96 92369 99057
96 86151 25362
96 57477 85480
6
41 81573 81800
41 90419 78583
41 92357 42649
41 66433 18358
41 43901 82293
41 39003 70213
6
52 81317 82281
52 92548 35547
52 23966 94418
52 84097 38240
52 39081 31129
52 68087 37304
6
70 42075 94071
70 69812 48367
70 81655 44467
70 13882 27650
70 69007 32014
70 79143 48662
6
68 78528 79448
68 37524 96220
68 71738 59249
68 24901 89321
68 52669 55120
68 54193 12719
6
25 77976 19179
25 89609 12572
25 27511 22564
25 56417 98589
25 3264 20093
25 79449 12284
6
73 82967 25887
73 64359 37992
73 84869 6399
73 94435 25762
73 41586 19248
73 32614 57441
6
81 51055 91803
81 42768 64999
81 36099 47723
81 72247 85531
81 26115 88051
81 89002 17060
6
42 75970 73487
42 26532 90570
42 47386 41023
42 88663 12888
42 35286 94975
42 4100 21458
6
94 40567 93964
94 48344 30577
94 7269 15722
94 52761 11505
94 67757 29472
94 21757 5828
6
40 64831 26416
40 33666 6119
40 55026 74130
40 41469 88134
40 30170 20300
40 33195 88856
6
80 87888 29917
80 41200 2780
80 75607 27464
80 65717 36657
80 20492 48615
80 76783 45539
6
21 82476 49728
21 12612 7335
21 3918 18621
21 26663 74913
21 4011 99049
21 84532 83233
6
35 68559 92120
35 24756 15003
35 86797 16981
35 20524 79318
35 80972 35327
35 57443 12140
6
66 37821 61076
66 84820 25296
66 33345 6311
66 75980 70055
66 37094 20143
66 75649 9904
6
45 84194 27078
45 86738 36825
45 53683 58281
45 10472 85897
45 79435 65070
45 88814 7958
6
95 24064 45172
95 70711 877
95 2541 88045
95 20195 75459
95 79638 17711
95 89221 18549
6
86 20450 47697
86 12654 14359
86 94369 51165
86 4812 75612
86 89545 47773
86 45696 816
6
95 979 64885
95 32468 54645
95 78425 19332
95 3214 94784
95 7120 47003
95 48602 53567
6
2 48724 72050
2 86654 41626
2 58065 12536
2 1834 21782
2 23663 47788
2 93012 30910
6
67 51234 99518
67 82726 81725
67 18296 5552
67 51188 52547
67 6652 21754
67 542 19052
6
44 68050 99246
44 10391 86176
44 18210 43213
44 69436 33471
44 91174 57454
44 90639 21744
6
77 55805 11558
77 13050 55134
77 36139 91609
77 9495 95020
77 92381 54425
77 63672 18131
6
87 90169 50587
87 63468 28991
87 37450 72243
87 90668 44110
87 80344 56876
87 40073 71781
6
28 24724 31683
28 97986 72500
28 67870 45984
28 76151 17487
28 99907 88468
28 79627 19927
6
41 90343 31979
41 73728 74072
41 79917 25837
41 59157 52939
41 49481 40973
41 93237 55137
6
2 15985 69681
2 91170 58005
2 38763 8803
2 68627 19868
2 25993 31947
2 25976 58095
6
19 47121 43670
19 22651 27689
19 4298 74812
19 2897 31311
19 82655 43208
19 21453 34534
6
43 21564 11222
43 11999 15579
43 99944 75102
43 38104 51751
43 74465 44725
43 84152 1992
6
32 46367 72406
32 71890 23853
32 11203 74292
32 63765 18544
32 62815 96554
32 1641 6983
6
17 27495 87408
17 25688 14771
17 7807 78094
17 25329 79739
17 12500 44535
17 90107 19703
6
76 5570 58060
76 73100 12328
76 74379 43633
76 25746 72197
76 11867 48364
76 92997 21607
6
73 6439 16918
73 53735 40407
73 10468 3027
73 46646 43284
73 3841 88913
73 14834 13461
6
97 51256 11079
97 43909 50648
97 45383 62891
97 14288 19591
97 82348 61958
97 32275 58101
6
57 65850 49881
57 68013 29611
57 45349 71016
57 97943 76062
57 76144 33266
57 24750 50372
6
46 71900 24735
46 65438 33681
46 85514 19222
46 96502 89597
46 46934 33659
46 71080 11147
6
99 90647 5020
99 52932 19781
99 1329 19202
99 11423 17730
99 58422 87435
99 25341 32847
6
62 92834 6579
62 44628 13670
62 49172 36551
62 89477 93282
62 66520 91049
62 75170 45124
6
18 67357 60101
18 13631 80872
18 67994 66005
18 47704 50723
18 34629 67385
18 81615 25414
6
10 29151 7802
10 56329 46069
10 7578 96281
10 93497 69136
10 9120 18432
10 50314 60309
6
92 96391 44749
92 64032 19752
92 32230 33334
92 57932 23819
92 91626 3606
92 43240 23891
6
29 19772 24687
29 16749 36825
29 33841 34163
29 62503 25062
29 18736 64935
29 52465 45812
6
13 45875 82432
13 25780 17741
13 4755 5069
13 47756 47755
13 63246 61223
13 48806 58114
6
87 43988 50619
87 38803 36822
87 69023 82293
87 11319 17266
87 62709 97076
87 57629 6738
6
89 99788 28625
89 21926 72718
89 79488 70837
89 51613 57212
89 4158 66372
89 73809 90572
6
35 10484 60726
35 96907 75415
35 93364 6244
35 34096 98052
35 71654 22141
35 72676 51112
6
94 33161 80178
94 57804 69430
94 54125 82255
94 72001 65588
94 87217 50411
94 62745 86046
6
1 90861 52608
1 36540 75392
1 3052 96895
1 74900 35337
1 98080 76901
1 87071 66598
6
54 51794 98131
54 38041 80285
54 64298 10855
54 75643 54817
54 44727 64670
54 73226 35099
6
66 84749 74792
66 48559 52785
66 3185 51223
66 29773 96325
66 20934 29867
66 18896 14351
6
10 33545 9378
10 53319 80208
10 68376 35834
10 46948 42318
10 18337 76625
10 25268 38108
6
39 82605 35747
39 1116 3595
39 36706 82670
39 44155 33272
39 48370 92830
39 39259 79442
6
6 95420 76920
6 42192 46267
6 26 27488
6 27988 13582
6 74179 62924
6 98122 61371
6
44 78232 87658
44 73647 69288
44 1474 96888
44 77035 29283
44 50621 93717
44 96901 95511
6
68 21576 94149
68 26037 97720
68 70052 66849
68 19742 70564
68 86831 34876
68 25058 22330
6
85 84753 21663
85 22665 83825
85 67203 45939
85 36204 66273
85 82859 31023
85 95953 86308
6
72 99597 43139
72 77799 25932
72 23660 78107
72 49635 33163
72 64456 77105
72 12 2344
6
91 70816 79439
91 68636 54610
91 40554 41261
91 71894 8443
91 18421 11949
91 29256 61647
6
51 19790 90136
51 30036 89523
51 96897 45749
51 59555 19797
51 65402 63701
51 74253 83330
6
40 60062 98863
40 65317 26565
40 78999 73629
40 30244 85236
40 45657 9427
40 68411 97751
6
94 79542 3011
94 81068 24460
94 95016 24569
94 36615 23200
94 2760 7342
94 53251 74497
6
95 56672 4919
95 61841 73759
95 74186 30628
95 70719 96016
95 33904 33128
95 95482 67217
6
87 55887 14592
87 52958 51860
87 46097 69159
87 69419 70933
87 54883 26334
87 57839 37467
6
28 14939 8994
28 93570 75245
28 89533 61959
28 55138 26704
28 1729 58537
28 12789 71978
6
59 94374 61894
59 43540 29574
59 54257 90217
59 79982 12437
59 71539 30037
59 88989 67876
6
65 33471 10136
65 21065 70049
65 68134 24729
65 13919 24802
65 77050 26512
65 6313 91605
6
3 91702 57032
3 85358 72089
3 16969 78319
3 79020 15688
3 61554 33328
3 7045 1442
6
20 68792 25107
20 59264 86500
20 86659 51343
20 85690 57603
20 7597 7666
20 57399 72842
6
56 41043 14100
56 39292 80076
56 35239 25035
56 64368 82768
56 64390 18029
56 27109 60897
6
2 89828 54065
2 2266 96818
2 14508 15769
2 27169 40100
2 379 91670
2 33586 8003
6
38 53967 72502
38 36388 19339
38 58146 84682
38 56604 22730
38 27065 41894
38 16024 71435
6
90 55328 40505
90 47578 84534
90 23364 34693
90 32319 51717
90 59566 80668
90 7086 87886
6
78 88349 65007
78 5247 3598
78 6728 23577
78 3289 41991
78 59079 97816
78 29974 98344
6
81 68789 86458
81 98243 40938
81 98083 16359
81 99362 99674
81 97493 90148
81 38791 94017
6
5 90004 63143
5 75358 90732
5 77528 8593
5 28237 60935
5 61926 89966
5 80680 76247
6
42 91605 41436
42 41665 30342
42 72382 9841
42 36059 29732
42 51553 86311
42 78949 9758
6
69 28874 27168
69 72027 19786
69 94645 52695
69 16270 2006
69 22815 65280
69 5025 28353
6
2 57461 73311
2 56042 77651
2 9482 88769
2 32276 21797
2 21875 33936
2 98129 54760
6
53 76808 60747
53 4120 68210
53 16397 4279
53 96034 95481
53 32220 96629
53 75736 35597
6
19 62464 45251
19 73251 66102
19 83650 90102
19 97743 56782
19 99285 55953
19 65818 37993
6
96 33210 45410
96 72601 12321
96 32788 42424
96 53127 64036
96 57106 89177
96 11464 42658
6
10 23225 88165
10 1900 57678
10 93089 10185
10 41492 63564
10 8316 74420
10 46254 56444
6
82 85485 13646
82 92994 24804
82 49235 37995
82 8032 53445
82 30202 27093
82 44719 58969
6
30 72356 37249
30 45460 8784
30 79295 28788
30 4471 11788
30 71958 97168
30 4609 39479
6
16 63976 90899
16 24655 22002
16 8880 56211
16 26853 58530
16 88469 70010
16 91674 2459
6
99 17363 7912
99 73065 19434
99 39445 37493
99 9307 47391
99 61070 24538
99 8701 75350
6
56 2583 43912
56 88473 84232
56 49908 3130
56 95237 14616
56 83814 98155
56 92400 8757
6
31 20950 83019
31 36768 61666
31 30103 75695
31 20495 76328
31 27000 44483
31 39849 56427
6
91 89117 33674
91 31330 53488
91 40858 80112
91 91224 38162
91 17067 83041
91 73461 7570
6
9 87527 91484
9 48957 5457
9 8684 89049
9 56350 95868
9 20278 14184
9 13843 36862
6
43 39573 78861
43 1678 11928
43 84919 9758
43 65520 72891
43 35321 54390
43 50875 44991
6
85 51764 55441
85 50490 44754
85 15152 3361
85 58628 2233
85 88999 9678
85 58206 99327
6
25 14690 87344
25 24837 61082
25 63292 9540
25 41005 56746
25 31243 37875
25 61862 72043
6
99 54034 30911
99 21011 32005
99 17157 91813
99 36758 6721
99 30116 48651
99 79230 85847
6
67 89575 14076
67 50367 51210
67 94720 16429
67 65994 12878
67 92463 6356
67 40589 35899
6
90 67641 4539
90 34722 62799
90 52848 65721
90 64810 68095
90 17434 64251
90 45691 49987
6
32 29651 32167
32 50989 27813
32 41668 69985
32 22022 72515
32 25316 15917
32 2548 91483
6
53 99927 62471
53 95604 20886
53 52502 81429
53 39853 61145
53 29049 11061
53 46109 97371
6
32 74187 76815
32 21408 75380
32 1072 23010
32 65463 92893
32 17382 50090
32 61095 368
6
63 46489 15519
63 50842 96589
63 54337 65448
63 73884 5427
63 98502 87517
63 89215 97942
6
14 74103 75937
14 31841 80448
14 85692 97685
14 33724 97469
14 17746 25486
14 7095 14993
6
44 33677 22042
44 73992 65537
44 82855 75182
44 61323 99944
44 17410 91101
44 36920 23923
6
15 92556 17785
15 80412 2010
15 12192 47845
15 41833 92839
15 37919 37759
15 69312 33988
6
90 47815 27254
90 4006 47339
90 89512 67462
90 67840 72997
90 26149 19617
90 21258 22002
6
18 97062 68967
18 94646 1149
18 87505 13331
18 66195 1323
18 2416 88658
18 42848 55477
6
50 36806 23638
50 8491 45512
50 3873 22807
50 14144 67741
50 70 92641
50 1489 15998
6
64 83011 23848
64 3030 77159
64 26462 50875
64 22159 22199
64 15966 71808
64 79030 10880
6
75 349 53668
75 69685 48584
75 16375 30702
75 59948 63235
75 41052 50981
75 47675 7148
6
2 43856 49795
2 36884 14565
2 75473 48282
2 79820 33127
2 95099 42801
2 84664 15134
6
84 7063 10032
84 6702 42389
84 15881 12900
84 75919 3177
84 50261 23035
84 1096 62648
6
27 33568 62556
27 99007 67678
27 88703 11602
27 43228 49036
27 20244 7271
27 29360 76867
6
91 84416 43233
91 20915 35318
91 21944 82186
91 15202 48271
91 91865 97846
91 65759 47945
6
32 91584 79355
32 71427 21253
32 32354 82239
32 11637 28837
32 38137 92659
32 835 82157
6
76 77969 72828
76 95193 99237
76 98794 68721
76 72774 41336
76 15608 18671
76 82473 15268
6
35 58943 48662
35 18675 65925
35 99173 77602
35 69924 23551
35 14674 30818
35 76731 81154
6
42 69230 58381
42 89037 97657
42 13534 18738
42 79530 83880
42 21175 37459
42 2757 96
6
92 86433 7660
92 51132 34868
92 63617 60619
92 66028 95352
92 7061 47864
92 69484 32269
6
33 85897 20854
33 47086 34031
33 32681 88566
33 68262 23227
33 35527 37116
33 31799 86342
6
4 92895 84970
4 69224 66218
4 29408 20040
4 81832 40444
4 5816 94766
4 66500 95803
6
56 6750 27149
56 63407 50688
56 18739 23381
56 44963 87125
56 13474 76717
56 90089 88616
6
1 98030 1837
1 73646 47789
1 44187 78596
1 19700 63628
1 15663 46075
1 84849 31658
6
45 68145 31758
45 24930 69336
45 15356 44145
45 55600 85662
45 83423 17418
45 75618 7476
6
31 55145 55866
31 8614 63297
31 19042 3208
31 92361 40646
31 78735 9463
31 5032 26868
6
49 39637 73423
49 4536 65107
49 38213 19464
49 81008 32606
49 31334 88597
49 80874 49131
6
6 6212 98623
6 11701 9032
6 92842 55139
6 6874 53012
6 45067 44736
6 77280 37749
6
52 97408 16935
52 7055 2746
52 87164 31325
52 32522 89652
52 92859 70064
52 51686 90613
6
46 47370 61951
46 12638 84565
46 599 7646
46 15837 23366
46 31624 93760
46 4619 10712
6
86 53409 43982
86 58068 1947
86 686 10868
86 22953 17306
86 63963 11219
86 32958 95243
6
14 5344 21394
14 68027 37871
14 4178 22426
14 83 52410
14 76739 33543
14 65975 18054
6
8 26978 23920
8 10546 37273
8 69958 71151
8 52897 62673
8 34007 51950
8 55364 82040
6
48 27899 82860
48 17729 64679
48 80764 33818
48 53638 26650
48 21049 5849
48 11343 64401
6
39 15190 59516
39 58089 37220
39 20396 1498
39 27176 67336
39 40373 53066
39 65583 33904
6
98 71852 15939
98 60979 69801
98 37047 28126
98 43173 63197
98 30626 10310
98 33963 42249
6
70 73193 66089
70 26263 9182
70 40657 72879
70 3470 74293
70 24172 26150
70 73011 81845
6
4 70905 39352
4 72258 13628
4 28502 46323
4 68584 43893
4 91851 62973
4 25714 3638
6
60 98555 29953
60 6445 61030
60 21321 38296
60 30168 36030
60 62843 37512
60 2125 42588
6
52 48612 80355
52 89329 38646
52 22244 19882
52 48850 65090
52 84558 55168
52 62791 17659
6
74 26477 77956
74 75355 94577
74 78555 53861
74 14411 43497
74 251 8421
74 90577 84930
6
92 17139 23847
92 57651 47945
92 91224 42393
92 95974 77561
92 75428 27052
92 96742 75355
6
53 3508 22704
53 89077 27422
53 95824 76042
53 33919 67902
53 75444 86533
53 60208 94278
6
53 30502 98162
53 79807 81010
53 34078 29674
53 11817 16731
53 49875 7899
53 98380 32799
6
59 70504 1504
59 95584 71972
59 3745 62645
59 68753 9511
59 3547 59072
59 94377 89156
6
97 64134 8947
97 71968 87168
97 80793 20232
97 54941 60474
97 91191 84195
97 10684 82660
6
82 83950 90885
82 49951 85705
82 66832 21929
82 4786 65621
82 71753 64946
82 47761 66855
6
37 81373 83802
37 72711 18069
37 26460 41145
37 82668 89022
37 7760 12704
37 32902 42743
6
25 78104 31163
25 49859 82722
25 37768 99206
25 92474 25296
25 47404 69020
25 57360 62386
6
45 98850 86429
45 30622 30796
45 38532 56154
45 32787 67759
45 62603 79865
45 39356 1291
6
37 22216 93104
37 44190 37544
37 34390 94829
37 76444 65039
37 13461 32971
37 95886 94640
6
52 99598 62398
52 35685 4691
52 23490 78174
52 41914 41919
52 93479 16567
52 10335 75581
6
20 50898 25680
20 66206 18870
20 44551 43403
20 57369 28319
20 15457 21068
20 85835 46711
6
69 45994 51521
69 54513 31781
69 9107 2038
69 42161 47647
69 38885 86948
69 46620 60534
6
75 54810 33158
75 47291 36744
75 27518 4297
75 11082 98271
75 70931 52694
75 55798 42241
6
62 66469 75741
62 57595 7463
62 44356 79310
62 7415 92683
62 15579 66104
62 68241 59773
6
16 11369 14226
16 151 39295
16 66962 49244
16 92332 84579
16 98130 90522
16 84497 29333
6
12 19167 46475
12 69999 23882
12 22657 8729
12 64316 57012
12 37439 14092
12 45298 66566
6
70 8448 44416
70 58387 3294
70 21571 22448
70 57031 92063
70 90547 18634
70 93765 37537
6
40 27467 65994
40 46152 60359
40 2896 48269
40 31781 84859
40 76071 31146
40 44911 8209
6
64 20287 18103
64 82736 83686
64 6700 10058
64 37439 26944
64 15624 82748
64 37977 77466
6
76 65888 78736
76 69567 35037
76 64217 37137
76 2254 78123
76 91679 19711
76 9778 32100
6
45 15906 30647
45 50617 71521
45 89309 48050
45 14290 54405
45 33766 48918
45 63707 61975
6
61 44657 45361
61 96327 45502
61 40265 70990
61 76640 35777
61 96478 25273
61 50127 27825
6
88 72137 49215
88 85871 76913
88 66022 29777
88 43407 53002
88 11686 51104
88 4858 40306
6
54 94598 72297
54 97212 43098
54 41340 434
54 10913 10036
54 38542 89468
54 20875 43060
6
29 97402 30117
29 47790 88673
29 13703 45517
29 10759 51978
29 19261 54307
29 83209 59874
6
56 94947 57503
56 22768 30785
56 53180 20193
56 63875 43914
56 77996 1928
56 73061 68240
6
37 52496 96320
37 43067 66134
37 56312 30659
37 74105 76799
37 14957 29416
37 47147 99428
6
95 44426 75
95 24818 8853
95 9701 28590
95 52380 58588
95 82604 43375
95 82947 66954
6
49 4358 6129
49 60684 20096
49 79415 4965
49 35280 50126
49 91634 74160
49 17587 91080
6
25 16827 44826
25 70796 99576
25 14898 84764
25 98761 9266
25 19670 25163
25 30047 21603
6
15 27666 73450
15 93954 62483
15 12932 72813
15 26522 14143
15 25604 82917
15 97400 71795
6
70 54365 1671
70 88156 86584
70 64725 70435
70 28396 17074
70 41156 15411
70 27364 66891
6
85 3458 45657
85 93624 8942
85 76719 92196
85 56231 89674
85 45212 40118
85 61792 38782
6
55 18054 51300
55 49234 93543
55 17821 617
55 76747 23442
55 59096 50296
55 56348 53704
6
33 95835 8534
33 93179 26775
33 89564 80326
33 39507 7294
33 10506 11421
33 67599 75158
6
17 72034 5989
17 56612 47774
17 22438 99035
17 55903 79702
17 94912 43810
17 68601 29482
6
94 13674 83034
94 13208 15242
94 47435 50543
94 86041 96775
94 63769 78409
94 9505 71797
6
17 84179 54513
17 35089 57011
17 92758 94513
17 21321 53121
17 19904 75899
17 40641 15264
6
65 82114 55729
65 11833 53588
65 46033 50973
65 85815 71780
65 7866 5978
65 26381 17089
6
53 10343 86596
53 59819 92380
53 2451 6727
53 582 52278
53 14701 72753
53 13798 34804
6
65 54431 11212
65 82801 45610
65 358 36072
65 55057 14552
65 86572 44974
65 9481 35474
6
18 53266 3094
18 1750 99411
18 89231 26621
18 87223 30995
18 73261 78306
18 79242 19266
6
19 75553 82109
19 45376 17213
19 78746 15289
19 69576 95717
19 44669 45159
19 54496 14506
6
58 42296 57929
58 31052 121
58 55567 88432
58 69791 82743
58 646 58347
58 3163 39892
6
10 35198 94981
10 287 87720
10 25542 91226
10 16240 97197
10 15735 88867
10 53008 96049
6
14 56853 62658
14 42366 61468
14 5656 61077
14 53195 33578
14 94998 43670
14 98119 91833
6
88 3010 61888
88 47223 34030
88 23753 2504
88 86957 21851
88 1511 39118
88 53827 24721
6
29 31521 90004
29 9619 98336
29 20686 62482
29 92411 42750
29 26550 44007
29 95493 70865
6
27 68852 85717
27 68906 54159
27 79431 53054
27 31054 72815
27 49266 77605
27 5073 78558
6
15 46574 91033
15 86743 67516
15 86381 40681
15 95455 34069
15 17603 51482
15 55379 63009
6
55 79726 37232
55 24052 68015
55 20769 41465
55 88125 8732
55 90910 47966
55 59216 32731
6
27 37076 10269
27 78113 98756
27 69930 33035
27 21569 49053
27 62197 58005
27 69936 28190
6
64 81501 49061
64 49569 12436
64 3810 41525
64 50331 30789
64 661 86811
64 10444 66873
6
78 88082 17588
78 99139 46935
78 58135 60485
78 38673 26029
78 72648 23647
78 30055 93386
6
69 19944 91484
69 72222 44765
69 27872 26231
69 19034 92347
69 33080 64396
69 60941 44045
6
72 49239 26328
72 73772 90707
72 71761 53529
72 33274 92059
72 86229 24487
72 93612 19263
6
11 13282 49097
11 62651 93619
11 35215 65234
11 20883 19596
11 64762 32554
11 73226 78188
6
18 73405 80136
18 74882 82634
18 24340 44336
18 62230 88615
18 51926 72851
18 68771 81738
6
18 11975 91701
18 60987 62339
18 34027 41790
18 5790 75635
18 39038 78344
18 76530 57945
6
82 85165 18360
82 88207 37083
82 86575 99722
82 82428 23282
82 9977 67818
82 94654 24239
6
97 60257 59052
97 27432 15424
97 16515 46116
97 82649 23614
97 54515 3532
97 49922 52134
6
45 96606 66420
45 62490 64582
45 307 27015
45 41042 34553
45 10140 2317
45 69814 1878
6
28 49813 92862
28 83286 86729
28 72512 5170
28 64182 44978
28 48491 79372
28 26743 84984
6
1 17381 30114
1 92143 23002
1 31243 97642
1 20496 24760
1 75500 18640
1 62215 45613
6
72 99085 67054
72 57416 46735
72 18018 3795
72 88704 11325
72 35549 85208
72 68501 59928
6
81 58348 3409
81 25799 19754
81 51093 8079
81 71081 46335
81 24468 70699
81 46082 73998
6
22 52677 93155
22 66333 21126
22 2163 78880
22 65454 69457
22 70246 58652
22 78599 58958
6
58 31885 12496
58 80505 76069
58 52328 5419
58 2814 75896
58 11775 61909
58 94519 15273
6
40 87976 55961
40 18234 15165
40 73803 17548
40 64940 84272
40 8313 61450
40 70899 39986
6
84 55809 32399
84 21758 28595
84 7122 53046
84 94724 48797
84 7317 52457
84 23409 93897
6
48 62068 96617
48 45267 2517
48 41224 35851
48 36424 77082
48 95082 85146
48 93263 82900
6
93 58420 40651
93 1977 1480
93 18224 27519
93 72136 44439
93 6201 88239
93 82096 33733
6
12 29422 78164
12 15980 34198
12 6420 82066
12 98670 28961
12 67989 84810
12 2005 90370
6
83 66303 31691
83 23493 24991
83 12602 30532
83 16674 39791
83 19719 98451
83 22136 65188
6
13 14944 21735
13 83054 96851
13 76509 60224
13 12161 73582
13 76185 67413
13 16330 48636
6
98 99114 23546
98 64704 7973
98 56344 30451
98 45746 55442
98 3948 55401
98 24203 45253
6
45 44898 76418
45 31562 51430
45 66855 32750
45 84313 98981
45 12621 38840
45 23750 90252
6
70 46643 87270
70 52164 9100
70 23775 44267
70 68322 76392
70 67773 45260
70 73231 56771
6
46 14348 64275
46 38651 95714
46 27735 30756
46 4424 96595
46 71848 18515
46 88753 27648
6
21 12611 81513
21 83571 44284
21 70152 74252
21 68222 8478
21 83589 81273
21 16014 29458
6
9 80683 44321
9 63945 78331
9 8951 92577
9 39533 12288
9 18881 90223
9 52801 95857
6
89 94004 6386
89 92247 43487
89 38571 14019
89 64545 30649
89 64758 19750
89 66014 56602
6
94 10165 72452
94 78432 93565
94 5213 10149
94 66466 64265
94 88019 78605
94 21426 86276
6
40 52238 52391
40 49810 29700
40 95383 37824
40 26115 83321
40 50884 35322
40 21746 10078
6
29 60067 64230
29 76843 31277
29 43715 39208
29 88187 45237
29 65543 68851
29 18358 60199
6
90 877 11570
90 75417 20659
90 12211 11972
90 97661 60788
90 94427 15621
90 49264 11944
6
3 16965 86895
3 90172 44935
3 19050 403
3 46426 8162
3 45983 93481
3 73915 23115
6
88 12496 88926
88 85676 85512
88 99752 75204
88 38303 17421
88 88583 5258
88 30380 29335
6
76 49547 81250
76 39134 6537
76 55669 30811
76 18575 25807
76 77113 86813
76 54625 14096
6
88 19280 35515
88 17779 80757
88 53145 64222
88 40786 11552
88 70315 80280
88 5697 93934
6
89 5905 68643
89 40577 42779
89 54329 98484
89 57154 38196
89 78702 14952
89 15024 32443
6
62 16485 14354
62 42977 40767
62 77741 88876
62 59700 20950
62 58390 85532
62 80226 47098
6
27 23746 64832
27 77246 41187
27 23388 18543
27 14935 64779
27 84202 70114
27 7030 40071
6
48 28708 81471
48 90297 66119
48 350 21486
48 54191 50316
48 59361 74410
48 94238 68537
6
42 24602 15976
42 36384 95874
42 8042 76693
42 81754 49528
42 24479 77481
42 19753 44662
6
32 66684 56574
32 84316 65498
32 7581 71393
32 57428 99953
32 32681 79512
32 3250 41755
6
81 2414 97773
81 26958 93741
81 66637 78381
81 24188 93262
81 30978 97987
81 7644 67487
6
18 23734 86929
18 56120 11168
18 30240 54028
18 98474 23843
18 66960 23659
18 2831 12389
6
96 91928 7181
96 121 65561
96 65384 86842
96 783 71631
96 4655 49955
96 63184 55268
6
44 2225 55688
44 41424 97605
44 86317 10438
44 58408 43250
44 26959 97076
44 75383 15039
6
25 79070 94900
25 25076 99251
25 53976 52951
25 33283 23366
25 33836 86835
25 7138 29249
6
92 54692 79087
92 8414 79924
92 58386 38639
92 76022 73503
92 50436 70146
92 5104 65670
6
17 52355 85912
17 64060 85224
17 93026 70670
17 12159 10981
17 46907 7396
17 38004 92761
6
49 13319 93187
49 64517 56109
49 80006 69161
49 29412 68294
49 82735 88291
49 83438 30885
6
19 58887 33085
19 85539 38569
19 75456 66625
19 72341 5265
19 70529 37024
19 34027 56546
6
31 65094 48571
31 65553 23295
31 95153 46790
31 87706 69582
31 60205 1780
31 42213 55157
6
68 36375 86341
68 21797 57741
68 73265 74274
68 44279 50867
68 15401 52745
68 82112 3387
6
38 30358 54011
38 30191 12346
38 7727 36556
38 96223 13076
38 26579 13810
38 89432 39013
6
40 75291 42458
40 19474 96974
40 98680 68614
40 58884 20662
40 25052 63222
40 16214 69654
6
7 26761 9064
7 68730 39195
7 28139 6586
7 33940 53450
7 61043 43726
7 9165 13656
6
96 7714 55365
96 10879 76
96 12968 41481
96 5299 52390
96 59656 18583
96 96732 12511
6
11 54521 43607
11 4110 21026
11 60311 9423
11 34121 76084
11 41069 89806
11 31744 26603
6
76 36051 66630
76 70423 95496
76 25034 15047
76 25822 13782
76 36940 49352
76 21149 57286
6
12 77022 90181
12 17210 48423
12 45015 93438
12 85397 41511
12 36836 34487
12 80425 49466
6
1 25406 76522
1 69943 62113
1 24664 16185
1 40916 75394
1 7308 41006
1 53100 46254
6
26 67567 11195
26 22079 89227
26 64285 60441
26 97119 63969
26 37522 63990
26 32418 24913
6
56 11272 63289
56 7958 20293
56 36012 29092
56 9623 59172
56 80706 26402
56 56056 34291
6
67 44907 82572
67 26943 42270
67 98985 27055
67 95118 95103
67 62981 44906
67 82454 5739
6
90 79876 71904
90 36758 13459
90 88940 49123
90 86882 15004
90 29635 75944
90 90560 92076
6
17 83520 37544
17 56020 88432
17 85869 81780
17 30135 74219
17 74760 32480
17 56387 33110
6
15 46552 26433
15 66849 29724
15 1451 28660
15 73813 57068
15 82159 40232
15 62734 78965
6
75 13160 83735
75 58357 10660
75 55433 44699
75 71929 62586
75 57698 17396
75 88377 48466
6
11 79896 28782
11 90037 32971
11 65190 93127
11 39084 67064
11 95130 66599
11 55984 9096
6
42 56292 65059
42 62833 29869
42 3389 94359
42 96732 30624
42 87503 78045
42 73294 96865
6
36 97821 52537
36 86891 65034
36 42492 31760
36 86045 63791
36 48019 97157
36 46978 63937
6
37 56789 77466
37 24900 75939
37 55101 10944
37 63951 34694
37 2656 37432
37 2459 99024
6
77 43764 77913
77 90520 18782
77 3074 72505
77 69952 92882
77 6833 87322
77 62005 27239
6
20 77261 32452
20 39938 35432
20 9900 88680
20 65851 24113
20 90946 36948
20 35200 18204
6
1 69930 23949
1 31182 19242
1 39506 44142
1 12149 41184
1 77010 23988
1 52329 16582
6
51 13103 66065
51 92000 83581
51 63347 61263
51 72991 20969
51 68003 23898
51 94506 64504
6
82 9564 85155
82 59289 45561
82 45974 67550
82 56613 13430
82 6276 59306
82 96140 77541
6
48 35673 86327
48 6199 50187
48 76227 60064
48 94471 24514
48 33480 53720
48 86885 20706
6
91 91408 49418
91 41022 54465
91 57519 23075
91 97140 87857
91 56515 2801
91 46931 4776
6
83 45153 37706
83 98294 85686
83 70460 47473
83 33396 76332
83 94264 47423
83 51817 50134
6
15 6617 7519
15 69922 38281
15 81291 62745
15 96537 94879
15 94209 46858
15 55053 48667
6
54 69939 26837
54 64868 12868
54 52455 21298
54 93568 53179
54 53976 39612
54 45895 36602
6
35 48093 46979
35 44625 97802
35 98364 28854
35 25852 59333
35 15934 62603
35 12071 57757
6
99 8327 76054
99 5107 45879
99 42462 11192
99 38685 5518
99 66933 98078
99 345 44075
6
67 41628 92764
67 28423 60342
67 45527 56292
67 51049 86146
67 57534 71587
67 61799 37934
6
4 91418 83986
4 63950 96708
4 48525 17358
4 33971 99634
4 89800 51525
4 1455 94788
6
64 36478 21103
64 16357 12486
64 84094 38059
64 73240 38954
64 43009 17672
64 81455 95938
6
47 95978 97906
47 89524 83440
47 41100 41035
47 20074 91481
47 23598 5626
47 9356 94836
6
90 48513 16622
90 37079 44784
90 67789 31926
90 73912 53380
90 77845 92178
90 73752 71347
6
91 87253 43870
91 82519 93012
91 46981 83625
91 50951 15890
91 57980 37960
91 25296 33102
6
29 16839 81995
29 86980 51415
29 6005 87344
29 16956 20803
29 79334 75329
29 81575 55948
6
20 33368 60166
20 48522 87710
20 27100 99650
20 65601 74760
20 30024 15687
20 28680 2571
6
9 25919 21089
9 87614 71484
9 7115 45832
9 84597 1033
9 83496 76112
9 10122 78800
6
34 48664 10650
34 85637 81730
34 31873 88964
34 91175 7361
34 15276 40311
34 29444 49565
6
26 24257 79745
26 6278 34176
26 64103 78404
26 12378 91289
26 36574 98933
26 4226 40100
6
6 60780 66790
6 34072 76114
6 30924 95459
6 87262 25531
6 19532 22916
6 37716 83548
6
14 42409 34980
14 90587 95450
14 68709 7930
14 71448 68056
14 30259 10738
14 91556 39980
6
34 46671 27871
34 46672 18669
34 9761 40299
34 80781 37294
34 68550 37186
34 9645 45022
6
40 22477 6531
40 80553 28032
40 76680 62792
40 73947 80711
40 54079 17063
40 32069 91054
6
40 79338 10427
40 8770 5097
40 32043 58496
40 97016 72502
40 31915 93980
40 78959 65443
6
8 70842 17104
8 17772 22815
8 80095 33403
8 18343 42898
8 89714 92890
8 81257 85231
6
16 79622 35501
16 7875 81471
16 41245 19428
16 3492 305
16 38199 13552
16 73329 17673
6
74 98732 19052
74 73441 40731
74 5360 5756
74 96424 93203
74 758 21871
74 15516 10394
6
29 6893 47752
29 54386 44097
29 13536 5198
29 1546 61832
29 96968 85278
29 70781 39894
6
11 47178 65064
11 17076 70018
11 3710 90179
11 11588 73147
11 16350 43478
11 72145 36704
6
73 23508 56277
73 67513 51039
73 32618 26981
73 98682 74175
73 25739 43123
73 2920 10459
6
96 90169 76327
96 82439 35499
96 26249 99298
96 29611 24906
96 16720 32100
96 93455 68453
6
19 24980 32688
19 16341 96281
19 10018 34138
19 62869 69491
19 51656 62578
19 98452 57188
6
15 8044 19067
15 51201 47118
15 66176 53934
15 14324 12670
15 24262 88375
15 93077 7704
6
89 3301 46628
89 62134 77180
89 98743 94966
89 75437 25622
89 67835 33414
89 49141 20558
6
41 76207 67317
41 14853 42946
41 45399 51492
41 57962 40431
41 97685 497
41 89756 71765
6
88 49584 89917
88 81459 44108
88 3613 46508
88 84647 25914
88 27503 28918
88 30436 51648
6
91 59850 20899
91 6374 47260
91 93350 12915
91 27710 824
91 44061 73587
91 70350 40676
6
56 58864 26556
56 21008 61860
56 6527 41712
56 15256 24818
56 65305 93328
56 87152 80484
6
29 94231 26192
29 62877 74945
29 74239 6056
29 42247 97586
29 26489 19974
29 56037 42128
6
19 1517 71777
19 49371 93167
19 44862 6538
19 27664 67701
19 38743 77271
19 38398 67519
6
67 54811 71391
67 47953 97864
67 16224 26595
67 43943 92055
67 19273 20187
67 26883 92879
6
64 95479 29711
64 64804 43873
64 93993 15824
64 7836 83647
64 17889 39369
64 82731 23492
6
20 44832 99029
20 67278 70853
20 42496 40302
20 4644 36300
20 38675 9470
20 23398 98665
6
63 88416 71360
63 33042 31390
63 84422 34676
63 90278 98913
63 91574 45352
63 31313 65587
6
68 46525 40645
68 89511 68010
68 53771 52105
68 80780 76402
68 87252 51166
68 42061 26018
6
39 45209 7092
39 52229 39457
39 82274 30483
39 90024 33348
39 92641 51390
39 88149 34444
6
45 30620 62515
45 39744 38685
45 58030 93232
45 49447 67216
45 42840 79815
45 27759 79642
6
60 97976 49364
60 27443 25591
60 61538 10930
60 78071 68905
60 63743 56408
60 99173 42490
6
83 27413 31422
83 44554 17132
83 71597 64044
83 69158 48462
83 94177 68931
83 9187 71834
6
26 43109 33007
26 27616 23085
26 54420 30700
26 46197 36343
26 87279 72216
26 12539 72300
6
53 77157 65406
53 17829 5612
53 91572 7774
53 30821 70596
53 60392 9606
53 1202 29241
6
52 96901 14901
52 81827 18049
52 92247 96150
52 8535 38640
52 254 28202
52 68080 20134
6
26 35441 33231
26 24082 83953
26 88752 87932
26 85572 99191
26 41027 33082
26 31606 49741
6
80 56384 97055
80 15029 82893
80 26607 51844
80 87740 85524
80 30590 68671
80 26089 87826
6
51 64383 22866
51 68639 5910
51 62214 49107
51 93995 24310
51 27397 54250
51 40665 51074
6
41 48167 91779
41 32621 75154
41 58400 82212
41 79908 88806
41 10868 34492
41 84098 92263
6
63 80091 47887
63 68578 84266
63 72390 8765
63 30783 98802
63 94810 59689
63 85610 25619
6
46 44986 5789
46 68151 63223
46 69248 88103
46 22355 82380
46 36003 13335
46 34288 98486
6
26 20892 42826
26 3595 99571
26 89447 25469
26 53393 99631
26 43945 86991
26 24310 61583
6
36 18931 79521
36 86624 66161
36 22763 70732
36 87613 89984
36 51699 63585
36 77452 29958
6
14 51253 42049
14 22914 63267
14 90012 41214
14 85844 51003
14 60762 49560
14 77214 21844
6
34 73798 58480
34 70103 9140
34 4271 69985
34 29376 86958
34 4953 81734
34 82367 49893
6
68 45114 43987
68 33377 33352
68 91306 32268
68 208 47801
68 38861 6203
68 18376 56752
6
36 13992 44789
36 35233 69915
36 10437 3185
36 20680 10630
36 42992 61323
36 22294 3956
6
8 78761 63848
8 81315 29626
8 83472 90648
8 70880 82950
8 68385 93501
8 52904 51128
6
13 69229 23058
13 97773 53015
13 71421 50745
13 27939 66766
13 54018 26886
13 67480 18492
6
69 84278 76744
69 91807 35106
69 76162 1944
69 51921 10049
69 13952 11165
69 36209 32726
6
22 49206 85392
22 60773 90065
22 89941 76232
22 78598 82517
22 64873 7980
22 7940 98173
6
6 5442 35897
6 22530 26315
6 69668 67067
6 94783 56478
6 86019 35236
6 12058 82482
6
34 32226 52726
34 55847 1509
34 88102 61442
34 26299 66475
34 28415 50084
34 70167 86673
6
24 24971 99730
24 41506 47314
24 69655 45597
24 4048 89884
24 8028 19214
24 11845 36719
6
64 17457 78094
64 94914 14900
64 56803 61552
64 8112 67745
64 1704 89581
64 6911 52683
6
31 48414 72342
31 28766 31344
31 6453 47573
31 51830 36171
31 94794 65395
31 24617 29737
6
14 97185 56984
14 51649 52179
14 6767 62503
14 3450 14508
14 47519 71360
14 5626 48833
6
14 94244 12564
14 23042 14240
14 39184 75960
14 22467 99060
14 16014 82181
14 81425 77613
6
9 96190 62409
9 22665 25691
9 95541 41098
9 51822 69802
9 81110 91151
9 76383 80075
6
16 89214 15940
16 56639 35159
16 83644 64029
16 80343 69066
16 78391 99074
16 59409 30344
6
40 38200 3644
40 59635 72472
40 22473 48940
40 46212 69653
40 73543 53259
40 47084 27394
6
96 39791 32767
96 95343 77779
96 75162 52608
96 14332 94906
96 33333 92838
96 89696 78169
6
6 58231 20589
6 7642 10272
6 55750 43664
6 3178 38798
6 37096 60292
6 44373 64304
6
97 31905 26476
97 65179 15039
97 78318 70079
97 99919 24850
97 28129 69758
97 41614 51530
6
17 9536 14658
17 82092 16162
17 87569 32011
17 58961 15835
17 4671 91832
17 73149 9053
6
4 92837 49988
4 60705 2292
4 29381 4133
4 58420 14394
4 65589 92036
4 12579 20049
6
64 13829 30759
64 83948 15619
64 19292 70705
64 41561 68602
64 77151 84335
64 83670 40921
6
64 66029 4690
64 69758 95291
64 90991 49206
64 85965 63277
64 55356 6320
64 40464 22123
6
83 45274 52014
83 96172 80024
83 51450 54900
83 74758 62560
83 12070 58609
83 27130 63372
6
58 2479 44552
58 81882 53551
58 32974 12632
58 77893 97700
58 45331 83067
58 59240 51357
6
18 7421 80592
18 54599 74130
18 46913 43241
18 40447 73992
18 13728 68479
18 66849 69327
6
33 53358 39981
33 92288 95820
33 20034 46000
33 51188 67502
33 10176 37825
33 65209 45513
6
18 23552 45887
18 28204 30267
18 92787 35314
18 65679 66291
18 66062 75424
18 84504 82223
6
2 12495 27930
2 29024 65966
2 73314 53226
2 15461 43313
2 27186 74786
2 24670 39710
6
5 57135 96089
5 83232 43910
5 82439 64704
5 71531 46555
5 52284 22287
5 78236 61464
6
83 10599 14764
83 43581 81776
83 28778 85632
83 53222 71843
83 77941 43521
83 24158 46057
6
83 90436 73874
83 22883 25821
83 51503 76813
83 75311 55948
83 64448 81254
83 62860 19027
6
83 33128 59549
83 98091 32682
83 48301 71717
83 1772 96413
83 35182 40797
83 18129 22146
6
71 17128 20635
71 92556 40829
71 25099 20608
71 44365 4192
71 4106 61219
71 10114 74055
6
42 56483 60473
42 48174 35645
42 12636 95831
42 33193 26553
42 71048 69313
42 91204 2177
6
75 91730 53205
75 65837 22636
75 16954 47813
75 44438 93748
75 61166 51252
75 33739 93451
6
49 82991 43209
49 42144 23423
49 95077 458
49 25922 16022
49 78472 65296
49 88127 62530
6
77 92825 91596
77 3594 94130
77 64375 52843
77 81623 21855
77 19129 38678
77 48424 12481
6
50 32133 57990
50 9998 21686
50 37155 83484
50 29930 89830
50 73924 51227
50 92791 16013
6
31 27298 36812
31 96817 45829
31 65409 78878
31 92788 38873
31 23399 29752
31 97710 67368
6
52 45730 48751
52 50216 12193
52 65207 90308
52 94461 66469
52 8078 48169
52 50715 53967
6
92 48566 37392
92 62815 85250
92 3643 65819
92 86548 66799
92 90447 46139
92 16335 52503
6
91 34817 59842
91 12126 71482
91 98653 46868
91 39873 87724
91 73718 59779
91 50767 62921
6
54 40312 52846
54 69274 56191
54 22678 3664
54 83006 52118
54 44006 85685
54 3178 28285
6
61 14737 58907
61 31168 34238
61 33957 23485
61 24519 47580
61 47528 6620
61 12702 83194
6
56 55226 49137
56 91495 16623
56 50270 56948
56 48692 36222
56 44375 63765
56 63668 41695
6
24 51944 18148
24 86625 33971
24 66570 11363
24 11018 68601
24 93392 70542
24 68109 44882
6
8 68502 75134
8 34494 4488
8 90665 56756
8 47258 16229
8 60108 37786
8 16954 31433
6
17 11181 93493
17 82618 51780
17 16207 65213
17 47163 59222
17 7734 14009
17 96486 35633
6
33 44775 87462
33 64508 97002
33 19658 97601
33 96857 63312
33 32985 53881
33 23521 84637
6
35 265 15718
35 2781 66015
35 25587 314
35 76981 51874
35 14517 96335
35 36302 5909
6
91 61202 80799
91 197 85635
91 58400 71665
91 74416 14964
91 61241 39430
91 75153 60689
6
19 77744 53842
19 62106 2611
19 79469 51398
19 24030 40390
19 91832 50001
19 63808 83785
6
25 27451 54397
25 56125 39281
25 24420 95218
25 58010 85502
25 54570 95753
25 23558 83194
6
3 30257 45981
3 8164 41529
3 49876 634
3 11471 38491
3 99208 46219
3 48052 79527
6
80 13996 22255
80 62960 34148
80 39014 52702
80 83220 88868
80 38896 83476
80 29341 80457
6
75 42600 70809
75 50767 13668
75 35116 32141
75 13776 14536
75 88511 41101
75 65489 14927
6
80 83708 39619
80 13897 2606
80 17507 32759
80 9534 14564
80 84250 98603
80 90877 91837
6
85 92630 51548
85 19479 91435
85 2783 3001
85 3437 22286
85 95004 40985
85 75248 8773
6
82 32045 63097
82 26744 87925
82 56042 84263
82 61752 9467
82 62406 85006
82 53791 64695
6
8 34483 70545
8 31292 73466
8 85217 53736
8 72608 78012
8 26600 23120
8 18525 76953
6
30 30485 64257
30 29717 16811
30 92546 50767
30 82746 70342
30 20097 76478
30 52610 46162
6
31 97383 48852
31 10920 5090
31 61677 60014
31 74923 63193
31 99898 71752
31 45991 74247
6
20 13509 72156
20 74032 40860
20 83529 4716
20 28105 41893
20 346 45020
20 53611 23673
6
8 45840 3464
8 14654 15853
8 91396 93031
8 88277 20060
8 45665 83120
8 46676 30600
6
45 61157 67530
45 73375 60117
45 66444 41373
45 17520 77932
45 66633 11819
45 23129 11978
6
18 83343 74070
18 36860 98994
18 95210 53155
18 27383 52715
18 95902 44428
18 24601 34988
6
30 82790 12117
30 6815 52112
30 14791 9658
30 29525 69524
30 89001 45890
30 90884 86206
6
95 65706 78711
95 91667 4495
95 30539 42281
95 36612 72116
95 36647 446
95 83541 40416
6
29 89503 97
29 16699 80899
29 91254 38802
29 33401 26608
29 95290 87435
29 35943 29607
6
30 91086 25308
30 4833 31978
30 32586 16101
30 6001 54359
30 63823 13674
30 7725 41803
6
79 21504 12268
79 23481 36705
79 21804 15596
79 68487 41572
79 3956 72028
79 91483 91374
6
72 70454 49881
72 62622 80227
72 98672 70216
72 64097 63756
72 8483 22927
72 98620 98095
6
16 56540 77418
16 77382 57342
16 91518 78330
16 75949 26064
16 122 86550
16 19538 54277
6
67 31557 56832
67 75707 91998
67 81443 95828
67 34060 94519
67 13750 22524
67 85849 78334
6
8 43742 79767
8 31253 30377
8 70458 46069
8 42331 64899
8 37338 75092
8 13931 29464
6
41 80009 67649
41 34798 62276
41 89663 32790
41 86662 12599
41 15006 41026
41 11710 65279
6
16 45050 15863
16 49800 47068
16 36534 46190
16 32348 90265
16 53279 46307
16 55626 33837
6
40 76145 46006
40 79560 61637
40 48953 42880
40 86855 80727
40 89755 5184
40 52271 77473
6
48 26605 89791
48 18929 74612
48 91099 86078
48 86807 60970
48 58552 82327
48 33600 41146
6
64 53334 89026
64 51206 86004
64 41870 42246
64 65429 12069
64 84538 18352
64 36263 20088
6
78 19228 56897
78 97318 39280
78 45429 2222
78 19352 90268
78 73220 16413
78 10446 4618
6
38 9728 2984
38 44246 95726
38 19025 28935
38 83425 70029
38 78783 77865
38 10367 65735
6
21 13041 91516
21 40535 25206
21 45722 78100
21 2929 57020
21 33181 68006
21 92662 75112
6
36 67444 98007
36 98104 20573
36 5978 92518
36 41282 56050
36 18068 97812
36 75213 79056
6
36 49109 54266
36 49321 15957
36 56387 14393
36 58170 31939
36 29092 545
36 54595 51581
6
83 56027 63356
83 58600 22921
83 91632 63333
83 36301 56883
83 34961 70605
83 86643 90893
6
50 86379 94050
50 66394 91806
50 86983 62116
50 16466 49031
50 92123 48326
50 9858 71297
6
7 93225 8131
7 55010 39057
7 19508 8718
7 43181 10836
7 23326 42839
7 43238 78597
6
52 72492 29107
52 25576 12513
52 81012 98173
52 5009 3102
52 68953 67176
52 28832 57168
6
72 20199 40991
72 39347 33727
72 81954 23233
72 60748 23663
72 1130 30556
72 57297 9650
6
88 36541 75853
88 67800 70847
88 9590 50064
88 56942 92778
88 6113 61281
88 32039 60930
6
39 3708 14318
39 92202 44314
39 85794 4511
39 21681 33844
39 61747 79585
39 90225 92362
6
35 79807 25427
35 31001 5478
35 29754 90081
35 10230 74446
35 53351 16085
35 63266 67186
6
93 88791 1744
93 2680 30879
93 12428 27876
93 42866 58781
93 98944 3231
93 15897 57862
6
84 29053 92508
84 55550 6183
84 14938 68633
84 16543 29807
84 30008 91987
84 92570 19296
6
24 93846 13637
24 6357 83207
24 46629 78146
24 36032 19399
24 35852 50345
24 44591 22941
6
1 91934 8007
1 51510 95693
1 54576 3894
1 90829 9417
1 20042 50071
1 44353 21661
6
68 19493 8176
68 57125 56018
68 24532 76453
68 94416 8210
68 44009 19108
68 45331 35212
6
36 22549 50146
36 72774 43817
36 96610 21602
36 32126 55714
36 50133 32293
36 88312 35820
6
84 40337 12280
84 28170 51363
84 49166 64722
84 58410 75440
84 46033 48490
84 75286 76601
6
13 90050 76268
13 53106 48079
13 92487 53931
13 30324 15474
13 64184 42418
13 55216 8303
6
55 85776 19310
55 30678 66608
55 15932 53668
55 86316 75045
55 91039 50683
55 94535 561
6
32 56072 61948
32 80395 71735
32 22525 68407
32 94751 10120
32 69202 69635
32 79126 1687
6
22 27437 33678
22 41568 68039
22 32625 72354
22 91347 74360
22 29093 93481
22 7139 63691
6
4 81331 22591
4 2471 80415
4 25944 78108
4 39695 9025
4 86710 81878
4 43573 33280
6
28 18279 10865
28 12955 54981
28 19180 59836
28 13738 79387
28 55922 64517
28 19585 36854
6
27 71193 62242
27 58930 98784
27 47807 9128
27 48011 57474
27 13967 14314
27 71839 58423
6
23 12335 35769
23 89990 70899
23 96122 62962
23 14371 59802
23 77783 47456
23 68892 16340
6
56 51544 31770
56 37731 94303
56 73280 44105
56 72073 6861
56 86578 30240
56 30052 48589
6
5 75944 50919
5 89979 48039
5 43730 55376
5 88619 99313
5 81440 76170
5 72704 75734
6
12 98476 96494
12 79823 5961
12 37731 19752
12 40077 37540
12 14365 46545
12 50853 33713
6
84 55848 3721
84 74242 17742
84 87185 68275
84 23488 26994
84 2696 97840
84 79601 45149
6
34 80921 41605
34 90576 1834
34 94724 51873
34 49169 53937
34 69651 6800
34 75761 2083
6
5 9716 81158
5 27273 15463
5 29806 78007
5 68661 48481
5 95727 8982
5 90486 3181
6
57 26368 72829
57 49289 87765
57 93281 71395
57 92280 2451
57 98501 72926
57 39487 42665
6
12 48728 23195
12 96436 92458
12 78760 78030
12 25872 67944
12 69373 39712
12 81586 48210
6
88 13252 39140
88 72676 66098
88 66369 73535
88 64638 85182
88 28967 98074
88 88473 95445
6
8 67225 71284
8 14410 70679
8 55998 55898
8 47347 92348
8 99925 87810
8 41039 7946
6
62 72118 31315
62 8961 86150
62 20669 58043
62 63311 50650
62 59893 91443
62 35295 64510
6
33 76128 90438
33 12513 47107
33 71034 18061
33 56260 52342
33 51043 54529
33 70660 84920
6
44 25551 60351
44 18151 77576
44 34499 34053
44 11481 61531
44 21122 85610
44 52530 44198
6
51 88971 19763
51 63121 11135
51 79261 39474
51 18810 4758
51 75639 60179
51 18306 54097
6
93 39094 35820
93 13346 40599
93 66677 57224
93 50966 59077
93 64128 13347
93 88781 64503
6
48 91571 74391
48 2754 22972
48 45656 71946
48 7185 50069
48 35329 14420
48 56054 21737
6
5 21421 18573
5 84113 23356
5 88224 99866
5 46136 76027
5 786 26714
5 17 6838
6
87 75921 80174
87 90355 89501
87 2508 83015
87 93797 69055
87 91673 44341
87 25999 26532
6
37 91872 86565
37 63610 99922
37 549 49357
37 41471 629
37 13970 88607
37 96088 64933
6
62 35395 23417
62 16947 49185
62 14544 74554
62 94320 47433
62 69320 72476
62 10992 57402
6
7 68101 79520
7 27314 27528
7 4162 78490
7 36744 79940
7 23111 49031
7 34275 3219
6
40 4732 90803
40 34362 69568
40 42294 54200
40 16077 68959
40 83543 72660
40 81648 37895
6
51 80002 87057
51 84407 70851
51 55476 72352
51 18752 43370
51 52453 92806
51 15775 87045
6
70 4602 99189
70 8243 33500
70 67853 13500
70 13306 45496
70 67065 85224
70 57622 91346
6
11 97606 90995
11 69763 79027
11 1020 66367
11 63520 77555
11 55631 90060
11 8044 84424
6
59 59073 70636
59 4126 79612
59 71607 25260
59 39624 60353
59 70169 77104
59 40554 80994
6
57 84435 78126
57 65870 55052
57 68239 21425
57 89069 87913
57 55255 22246
57 31078 52856
6
44 56298 52942
44 9562 64232
44 36900 20714
44 83933 83342
44 28078 25245
44 99816 27989
6
64 88187 1467
64 44750 32911
64 5212 57822
64 71829 38000
64 38085 56198
64 21007 20653
6
16 53041 37572
16 94007 71650
16 57865 71223
16 29510 42199
16 91728 20635
16 20250 10431
6
86 31356 84266
86 96107 9637
86 4021 44438
86 10653 68483
86 98374 8974
86 22999 46949
6
5 41934 58243
5 15885 15521
5 56765 95073
5 4415 76012
5 76473 69874
5 33058 9324
6
72 3160 62079
72 22382 11371
72 46929 48799
72 6504 72143
72 34470 57075
72 6220 35436
6
36 66262 58830
36 36983 60422
36 32000 85144
36 8259 59014
36 97207 30307
36 33640 81797
6
18 95592 6969
18 91236 62557
18 78673 91232
18 32545 2983
18 94885 59639
18 40629 4084
6
85 22643 29854
85 55310 52912
85 84905 30813
85 48951 83589
85 1728 25841
85 38433 45447
6
75 34092 9373
75 52232 73777
75 95774 27808
75 15114 19600
75 24633 87423
75 60779 4895
6
6 31499 50978
6 95058 86731
6 62349 61889
6 22283 29712
6 91491 94915
6 18655 84141
6
76 25561 25027
76 95801 38006
76 48654 35275
76 2839 2019
76 1664 14430
76 10443 93240
6
73 16915 17934
73 53526 3662
73 14244 51243
73 76802 30596
73 29735 48869
73 17636 68828
6
60 603 19887
60 9323 65358
60 20484 21483
60 61627 62330
60 10205 24904
60 41922 20902
6
9 22134 2159
9 65401 34453
9 87340 10713
9 43211 57805
9 43374 51022
9 92355 70574
6
70 27903 55526
70 12919 52419
70 13719 42672
70 36682 62451
70 28845 15829
70 82547 35190
6
72 32388 85658
72 26767 2650
72 17364 88113
72 26467 1932
72 73018 35570
72 26924 47254
6
70 56259 25114
70 17797 55021
70 2127 15530
70 69998 81731
70 24413 83127
70 28204 77155
6
73 21287 76547
73 68417 84358
73 27087 4885
73 34793 97075
73 22750 33415
73 84491 80395
6
59 73689 88705
59 61493 50682
59 92656 63135
59 11424 54235
59 16913 17444
59 74726 91927
6
29 96769 13544
29 82242 87200
29 18015 85442
29 27581 63970
29 58702 21135
29 86493 97442
6
69 19474 65141
69 51601 52174
69 41996 64897
69 22702 69610
69 65409 54263
69 24292 11414
6
99 45421 50626
99 85677 51276
99 65902 48150
99 59255 78902
99 97706 78422
99 65095 18785
6
84 43044 91598
84 19300 61193
84 96346 84003
84 35871 70159
84 77225 89050
84 14606 38360
6
55 77963 5623
55 61579 38832
55 45229 32534
55 23528 70230
55 12575 29069
55 1359 3714
6
73 65726 93560
73 22302 10785
73 15382 70637
73 30991 48387
73 4454 39167
73 98921 40629
6
55 90100 22947
55 77169 82207
55 96226 16290
55 81576 34718
55 10013 66232
55 96605 76490
6
50 15908 40569
50 42051 23369
50 37307 83164
50 26199 21490
50 22649 30740
50 18276 60927
6
19 81627 42499
19 96432 83105
19 29209 68226
19 58022 33030
19 21179 41981
19 78292 76368
6
41 12653 75426
41 85638 13765
41 33941 56228
41 96185 91010
41 3757 72649
41 84556 65694
6
20 64139 42549
20 44862 30781
20 46668 86605
20 12110 17884
20 28795 99851
20 92883 78907
6
70 36232 71367
70 939 73332
70 59078 20401
70 79797 53242
70 11261 42208
70 97838 77206
6
82 29130 10400
82 60665 31726
82 28015 10445
82 61979 54595
82 35978 98384
82 57802 3190
6
19 84178 40845
19 76381 40436
19 21268 42921
19 67556 74214
19 80691 14257
19 80809 12354
6
7 13599 84169
7 93871 36332
7 29195 37477
7 62473 61376
7 56421 93940
7 9111 26007
6
97 93496 72925
97 58538 29294
97 19287 74990
97 21923 68657
97 39907 52095
97 40614 19595
6
69 33630 32252
69 23888 84010
69 95045 21938
69 95419 67439
69 71158 44990
69 84040 85380
6
34 19647 22625
34 37367 62794
34 90580 9058
34 29355 46993
34 44067 10997
34 15967 93240
6
82 50483 38831
82 46269 79600
82 43397 13199
82 39519 7966
82 74089 31470
82 58966 82036
6
97 59665 66551
97 22198 41426
97 36312 91943
97 48151 49127
97 1308 92108
97 48125 67476
6
31 7687 99704
31 48922 61544
31 60530 31431
31 64884 66498
31 23678 28790
31 46772 72162
6
17 30554 72688
17 61453 78212
17 55047 42401
17 5295 28923
17 63567 15354
17 7261 63333
6
14 81519 29138
14 89735 43961
14 7057 58010
14 77603 35264
14 55711 12919
14 96406 59265
6
47 12318 87099
47 6438 99860
47 44535 22715
47 79647 62244
47 48001 17141
47 60555 59188
6
58 54691 91437
58 30027 97867
58 54021 31051
58 52782 61475
58 43599 27232
58 7014 29117
6
34 73850 3294
34 83672 72870
34 7337 78072
34 85060 1269
34 64066 51527
34 28711 31334
6
10 89903 12722
10 46491 12334
10 1318 31032
10 15836 48144
10 81512 60008
10 40231 75805
6
7 5260 78113
7 97528 14028
7 72064 98377
7 29300 47792
7 47010 21256
7 15230 3265
6
28 59317 60801
28 22206 83181
28 61495 89925
28 19195 62526
28 96385 37843
28 77761 32890
6
78 46371 74961
78 36658 26879
78 72017 82389
78 27560 67147
78 70748 59202
78 3031 68622
6
87 22766 88901
87 26381 96687
87 19498 49623
87 53251 73591
87 37549 28580
87 76877 86896
6
68 31591 73689
68 45574 25031
68 92639 16954
68 52467 44549
68 42369 54025
68 30405 94628
6
55 42222 79483
55 70282 64863
55 29510 84787
55 98761 37673
55 8667 16700
55 46349 45951
6
23 33202 63121
23 29356 29085
23 5854 43531
23 17931 95329
23 78384 93662
23 58970 71411
6
82 58362 59290
82 15685 14240
82 29888 80732
82 57439 26240
82 43728 76927
82 85356 57172
6
98 23122 51846
98 49331 32270
98 98223 73429
98 40290 39088
98 83866 85691
98 19340 6350
6
38 70016 19401
38 18609 17224
38 36917 29032
38 58360 28898
38 64185 15232
38 40427 15110
6
10 7919 50708
10 23819 72704
10 15872 31288
10 13757 96352
10 29 91790
10 30924 93701
6
46 42576 39289
46 28703 17038
46 17650 44889
46 84888 50848
46 44980 98445
46 69599 44373
6
68 93136 12228
68 52328 3272
68 52720 23123
68 48002 86703
68 40158 17771
68 34155 99713
6
98 88267 93643
98 99777 23633
98 3833 3074
98 22790 69252
98 37500 69491
98 94517 67036
6
34 74207 50760
34 65939 11543
34 53341 43408
34 65674 51673
34 66635 89764
34 98552 6160
6
80 53851 13816
80 45940 62553
80 93137 57791
80 99498 61747
80 50906 99390
80 17454 415
6
71 13223 47938
71 83950 63795
71 16218 27774
71 81304 43699
71 54580 56510
71 30543 39392
6
43 95225 3265
43 37459 9864
43 89404 44489
43 77725 37839
43 15625 39718
43 94818 85252
6
91 60761 62756
91 97398 94951
91 75230 38178
91 50555 49386
91 51699 82180
91 48054 44831
6
87 87389 46346
87 9901 87834
87 59408 43910
87 89599 49812
87 54275 99878
87 80062 56461
6
23 45262 90272
23 72077 42273
23 46090 56673
23 59015 97862
23 74829 80112
23 33191 47075
6
30 58134 3483
30 89487 83434
30 43753 97760
30 41581 25338
30 60254 81827
30 70081 91179
6
9 88481 57540
9 29935 40309
9 77984 12237
9 29897 46835
9 65900 85170
9 63980 43137
6
89 7728 23522
89 88530 59580
89 20531 13300
89 61993 38468
89 64778 13769
89 30990 64135
6
46 98278 73786
46 65855 67088
46 63151 42872
46 5798 96498
46 76636 97576
46 24336 10525
6
77 69980 80725
77 17795 66073
77 346 24654
77 83361 93667
77 46952 82752
77 40518 56798
6
84 29145 86916
84 8402 19975
84 26642 66575
84 97638 17636
84 23514 22733
84 49059 91054
6
62 11167 13747
62 6273 32537
62 95832 99937
62 22104 92594
62 65612 10700
62 93102 6712
6
4 89139 39596
4 50622 86750
4 41035 57497
4 40739 86125
4 36350 57837
4 10460 37056
6
88 83158 29263
88 90413 94514
88 44562 39743
88 8523 23908
88 23908 13090
88 64252 31452
6
10 29576 39073
10 61342 82574
10 97210 29011
10 43621 85547
10 97090 14748
10 33038 61209
6
26 98334 99181
26 53309 96852
26 95396 12829
26 23970 54053
26 90870 71509
26 83421 2443
6
57 94073 70850
57 24168 60385
57 51177 62943
57 30169 1453
57 61392 62420
57 55970 45984
6
24 80470 58463
24 21505 52485
24 41113 50420
24 73356 5795
24 76364 18585
24 77192 17634
6
91 79461 63921
91 22042 94540
91 42218 87909
91 45359 90959
91 95135 18780
91 96253 59539
6
20 59602 19535
20 45960 96726
20 40073 98513
20 3165 30569
20 26682 96043
20 97203 24755
6
13 70285 76016
13 50347 32991
13 19991 89121
13 92140 33982
13 51794 56547
13 10955 44094
6
44 88239 66962
44 7360 27682
44 89158 19277
44 19988 15690
44 79421 61260
44 13704 97048
6
48 49830 81963
48 37379 15373
48 8719 49861
48 39771 87973
48 28481 36262
48 27732 47714
6
6 21952 95804
6 15365 70686
6 80805 10190
6 9858 1938
6 75306 75485
6 37105 72700
6
67 4371 41532
67 23881 99919
67 15323 40921
67 44120 91394
67 92956 47348
67 17895 2147
6
19 56250 86225
19 92482 22154
19 76864 90042
19 45603 10796
19 58959 96556
19 94938 95331
6
62 1970 31922
62 60532 62367
62 89114 98368
62 6032 53325
62 3533 30403
62 27495 934
6
7 51561 57177
7 64344 52989
7 41125 26168
7 88724 9490
7 62074 80354
7 28141 32933
6
27 15733 93648
27 68340 23622
27 75281 49629
27 8851 75808
27 48760 20304
27 97397 98352
6
32 77940 98456
32 27645 77223
32 842 48809
32 54930 62925
32 76529 3388
32 52836 38584
6
42 91178 51611
42 30008 79179
42 32578 1403
42 74996 92912
42 14463 78338
42 84345 1375
6
78 98019 66634
78 35242 74045
78 80672 35562
78 57345 11510
78 42377 13852
78 39570 90130
6
57 76963 90046
57 26924 58679
57 33912 15777
57 53069 19595
57 30875 66056
57 45011 97207
6
30 47252 4027
30 73361 39873
30 7522 75503
30 15017 63099
30 86582 72805
30 96 14249
6
56 61900 84352
56 68855 39319
56 30596 30822
56 66511 18685
56 56343 37263
56 13413 17151
6
87 21460 15665
87 5264 5050
87 31690 24579
87 12663 2895
87 20869 23932
87 37683 14947
6
1 14858 77308
1 88481 32122
1 78075 89973
1 63995 40491
1 72440 69562
1 41775 77559
6
11 48643 19093
11 7005 37204
11 45898 46571
11 11740 40606
11 33598 96580
11 9225 92550
6
45 55615 13736
45 10095 50186
45 18348 68742
45 28701 90092
45 28772 78957
45 96690 74587
6
76 35208 23037
76 16289 140
76 67491 81085
76 92212 17721
76 18617 87265
76 29562 34527
6
44 67928 62843
44 89004 29243
44 25247 13046
44 97737 62587
44 23148 76633
44 95403 82429
6
28 19894 27146
28 73065 20255
28 53822 71351
28 55177 29255
28 65502 14219
28 53372 46404
6
20 54917 9841
20 26571 35437
20 76294 78790
20 64444 3465
20 6933 22550
20 83534 93034
6
9 85616 49451
9 58463 7948
9 18307 54903
9 82398 98732
9 69603 86601
9 26698 98116
6
93 84892 30518
93 28554 48819
93 47604 8086
93 72570 40574
93 70759 64429
93 76321 46161
6
67 34213 49202
67 65477 76332
67 86547 22771
67 47744 74131
67 36881 27523
67 4727 95541
6
15 80255 42335
15 25450 60579
15 89596 58932
15 9335 99664
15 32750 22796
15 46314 60289
6
35 59423 50758
35 34837 56559
35 48812 11632
35 83048 2894
35 16173 80876
35 3275 12888
6
20 79098 73723
20 67094 67119
20 82451 7759
20 21248 31640
20 15989 22479
20 79645 57162
6
84 32874 91095
84 27603 67144
84 29006 16992
84 90350 42466
84 53634 11576
84 13183 1873
6
38 15375 23257
38 60290 50766
38 51943 44587
38 4534 92955
38 85532 66478
38 98154 54452
6
71 91058 29930
71 94748 60233
71 63540 78395
71 70779 41365
71 43435 7025
71 82712 28848
6
17 81780 304
17 81275 43394
17 56447 16113
17 85399 34036
17 25621 44888
17 31391 22389
6
86 78152 22320
86 97279 4313
86 22437 86480
86 48444 52963
86 58803 8264
86 23503 6636
6
10 97944 53962
10 3474 61644
10 1825 68599
10 90903 51002
10 25170 16941
10 69061 82818
6
91 32463 18446
91 98096 27679
91 18367 14236
91 77169 27130
91 77440 99246
91 35864 73412
6
41 16360 40783
41 59133 52202
41 74981 63917
41 13389 1682
41 22320 17403
41 64536 46026
6
10 83872 56906
10 90233 96371
10 45560 36988
10 52384 37929
10 15206 45661
10 81623 97661
6
35 24652 92049
35 11670 52827
35 28765 8518
35 99473 51743
35 36661 58235
35 35455 80830
6
91 16097 47770
91 4310 86736
91 14871 74242
91 7178 27958
91 33630 88607
91 89156 48000
6
86 84266 16006
86 32827 86999
86 75965 33727
86 21008 34662
86 97044 9769
86 96379 41026
6
73 26703 65356
73 79511 15881
73 81971 10490
73 56513 2878
73 8009 64411
73 54789 12168
6
1 56620 76576
1 58986 27243
1 61160 47571
1 9401 27373
1 23873 46128
1 73227 47055
6
22 26248 20613
22 3242 78713
22 32299 91211
22 89006 16344
22 2509 38034
22 57511 17538
6
55 55203 37803
55 35370 35804
55 96262 1370
55 60810 17981
55 79975 69313
55 97549 43337
6
82 47437 85933
82 71007 1554
82 41805 4694
82 58833 59527
82 23155 83906
82 57965 38822
6
19 19921 49029
19 93388 38214
19 8734 89384
19 93450 30379
19 90944 56946
19 68971 71006
6
65 79951 36481
65 37495 536
65 12660 20813
65 20376 95640
65 65373 94111
65 83039 41977
6
59 8421 75290
59 1158 98503
59 63405 81601
59 95552 23568
59 381 26718
59 59699 91310
6
81 65425 56603
81 15867 48832
81 3568 84751
81 4309 41198
81 51893 27133
81 57940 28250
6
51 57777 1107
51 43379 98774
51 33828 44676
51 63442 43076
51 81624 19485
51 12760 30294
6
62 42844 37980
62 56109 23967
62 95322 23773
62 75848 46996
62 40950 56727
62 429 93008
6
47 67678 42009
47 4571 88587
47 40468 45921
47 90310 66832
47 10762 20697
47 36466 38029
6
12 893 33810
12 72535 68561
12 30355 84401
12 15711 26471
12 96792 96569
12 19300 23972
6
13 44581 62091
13 16580 20642
13 2959 59049
13 69877 937
13 59818 40182
13 66543 79165
6
89 42408 50872
89 16656 65254
89 32173 65689
89 92095 47114
89 39827 40082
89 48379 12829
6
29 2316 30211
29 73371 32762
29 71334 9827
29 52258 65608
29 82170 42189
29 2830 41999
6
45 49798 58760
45 972 11335
45 27863 266
45 16229 11548
45 24213 26717
45 52749 9551
6
87 16315 23370
87 26214 41775
87 647 62813
87 34877 30041
87 36004 32678
87 43335 24684
6
96 59178 70456
96 81937 36672
96 25843 47976
96 35895 6975
96 66763 63352
96 41131 74923
6
41 16576 51911
41 10030 25813
41 6328 29650
41 83898 91067
41 28188 62480
41 93990 28132
6
65 2395 37682
65 81469 2775
65 84954 502
65 74418 27939
65 83225 24
65 75496 9023
6
60 57161 25548
60 56262 84942
60 17961 30076
60 24446 7767
60 37219 94828
60 42388 99713
6
36 49747 87727
36 79328 85293
36 89820 72118
36 64804 46280
36 32099 40254
36 18102 5378
6
84 3226 73178
84 19210 22813
84 15035 59392
84 4315 76901
84 17911 21763
84 54628 9529
6
46 74929 11332
46 34017 75943
46 9813 4543
46 1359 25434
46 41699 54639
46 2023 3901
6
11 86597 42437
11 54928 27105
11 37165 11767
11 69724 73342
11 20082 58648
11 80800 53275
6
57 66390 4226
57 69202 38140
57 62837 28754
57 62280 58369
57 56988 51097
57 63732 11015
6
39 69470 15182
39 3923 88197
39 24889 87030
39 16902 70684
39 22690 38022
39 26382 41958
6
94 22181 15536
94 57160 68872
94 98426 10878
94 10004 70835
94 1641 56888
94 43966 65276
6
60 86111 86989
60 99350 38821
60 93674 23407
60 14847 23622
60 10419 86044
60 28876 76305
6
51 11130 31940
51 92523 37822
51 5447 58878
51 99578 37362
51 96286 58188
51 7899 40777
6
47 16699 47779
47 78635 48762
47 27976 26573
47 12402 81831
47 34314 91807
47 80191 13256
6
55 19465 6197
55 6280 34319
55 97197 63278
55 98729 7750
55 44839 86304
55 78849 95008
6
49 13164 68700
49 20587 42091
49 75121 31244
49 71759 5397
49 55107 57082
49 90375 91440
6
56 6951 67833
56 35988 66282
56 72128 29850
56 51011 81403
56 49120 22433
56 8831 29968
6
82 30906 99154
82 34468 89259
82 49756 19426
82 12719 37335
82 34191 45900
82 19734 56703
6
3 22109 46674
3 24804 75841
3 2849 89155
3 27784 46028
3 84875 45166
3 72044 68068
6
75 39602 77705
75 81028 53490
75 2710 23286
75 70432 42903
75 1624 88445
75 48693 11312
6
13 31934 64298
13 87426 81363
13 95333 58927
13 77569 96713
13 15805 77469
13 86003 231
6
53 19567 95139
53 8305 94514
53 2501 9188
53 61689 34504
53 94656 68864
53 98796 24893
6
83 36268 9126
83 86193 18793
83 44580 26572
83 12370 11645
83 43090 33929
83 10813 19593
6
48 25132 77345
48 52005 58743
48 93213 33169
48 37045 81483
48 67546 76896
48 92520 84938
6
21 64418 81944
21 28514 17735
21 56211 7667
21 65297 7809
21 23051 80434
21 42901 73162
6
4 34550 2101
4 85755 62289
4 57416 5572
4 84438 32131
4 56768 29131
4 46879 86367
6
40 74416 45411
40 47715 46096
40 70176 56058
40 52711 30280
40 50610 39091
40 38667 66323
6
80 92538 52660
80 60499 8573
80 58537 71439
80 33829 62385
80 41669 56472
80 83734 6989
6
16 81565 98085
16 54507 25916
16 95932 66703
16 23481 12716
16 90005 8463
16 74586 13796
6
21 60777 14116
21 58656 76090
21 30712 45790
21 70634 73987
21 9517 57528
21 80242 72027
6
37 34375 44505
37 14942 66593
37 19925 63285
37 6517 36741
37 47415 72336
37 56094 50517
6
4 27249 3010
4 97051 279
4 39938 55303
4 69061 78912
4 91264 17975
4 94428 78436
6
72 94528 78240
72 81514 87432
72 23153 78060
72 38020 54907
72 50737 1789
72 58000 26702
6
8 36050 61122
8 12977 57494
8 83593 21428
8 47351 29218
8 49700 37493
8 68048 98787
6
27 72340 17562
27 14548 34261
27 23199 15600
27 18146 49550
27 39499 92279
27 42967 35666
6
63 17570 45171
63 30793 25880
63 47149 54582
63 2586 36939
63 7830 83221
63 50357 98411
6
17 52308 97720
17 88762 2963
17 53844 92554
17 98201 32131
17 74161 25483
17 79619 19659
6
78 65823 81061
78 84517 16103
78 86122 71854
78 30789 94566
78 26432 10375
78 53567 26325
6
52 96533 63818
52 41383 30425
52 61404 95979
52 47625 66645
52 88211 46390
52 39333 61880
6
92 35278 62299
92 61088 98728
92 32633 77948
92 95748 83737
92 59090 29553
92 28637 20282
6
43 80538 14018
43 67880 6246
43 26722 60705
43 3080 94334
43 63993 62174
43 20465 60087
6
76 35281 85419
76 42886 71326
76 86799 66093
76 85380 28921
76 65750 45743
76 38738 24047
6
35 53874 71843
35 16717 67455
35 59901 15114
35 36494 58568
35 99445 56132
35 95397 55339
6
44 3107 75360
44 49862 73937
44 10156 87773
44 49032 5164
44 59190 95071
44 53446 12130
6
1 43379 88577
1 90708 78536
1 79187 35138
1 63176 12345
1 12047 69983
1 73086 21736
6
86 39158 1509
86 53741 63894
86 12367 1972
86 37470 72905
86 18753 25361
86 58955 98311
6
42 25125 84580
42 63796 82731
42 79530 30228
42 3181 72729
42 60775 37216
42 44743 5071
6
36 24109 8530
36 9481 50006
36 96969 18590
36 545 5681
36 10379 88972
36 79682 7129
6
64 7499 25648
64 17116 50982
64 28843 31738
64 71288 83741
64 94201 18282
64 8780 63479
6
16 902 85047
16 28489 60245
16 24428 47676
16 6324 40507
16 28375 98247
16 89688 91468
6
3 41600 39542
3 34348 85650
3 77622 130
3 16422 59864
3 95965 97931
3 38188 83382
6
97 9107 32987
97 65325 35194
97 21319 8690
97 2484 9374
97 5405 48297
97 28573 2419
6
46 16447 19369
46 55334 62618
46 91231 53445
46 68185 88057
46 43529 6159
46 92772 71450
6
49 27662 33981
49 36086 88662
49 54461 8901
49 60003 25045
49 55036 10646
49 19611 23979
6
82 89491 40755
82 79750 90117
82 58681 99227
82 96599 69981
82 47190 71296
82 98122 41182
6
31 8591 9666
31 69400 47871
31 27531 30452
31 69720 3006
31 25270 33585
31 91240 1037
6
41 96611 82068
41 4389 19098
41 81112 15688
41 75461 74766
41 15036 98013
41 82513 98774
6
55 11626 9446
55 76551 16012
55 22961 29063
55 99358 7729
55 92508 35627
55 18509 31174
6
2 25433 31488
2 61344 9773
2 78059 84719
2 36511 48695
2 96495 5278
2 68122 22224
6
48 54892 25307
48 81325 75060
48 31945 61462
48 86402 38584
48 23430 11641
48 45643 15856
6
27 55699 51837
27 71950 23671
27 43833 58236
27 42566 34301
27 64014 92591
27 88789 73014
6
85 4360 63623
85 13327 44556
85 3239 72118
85 46884 79088
85 77223 62542
85 524 62368
6
83 59800 14642
83 30703 65790
83 64915 43883
83 83784 80445
83 85969 23024
83 12700 13837
6
81 71909 87571
81 25200 727
81 12945 31830
81 66238 18410
81 7381 41542
81 51140 65346
6
90 7468 61135
90 24598 43239
90 26415 20551
90 54229 16998
90 60206 70949
90 77870 5697
6
64 81345 6102
64 81784 57022
64 2446 39611
64 18051 61728
64 88758 18077
64 45013 36720
6
20 50147 76267
20 98380 24026
20 574 23133
20 74341 96435
20 36284 46943
20 82157 39043
6
78 5283 15228
78 78482 99666
78 21412 14625
78 46623 16510
78 25935 78571
78 49058 84061
6
80 72412 77053
80 97711 83159
80 23035 77960
80 48831 46285
80 46391 55334
80 29863 59608
6
4 18974 36152
4 73078 51913
4 95884 65825
4 16680 45889
4 31707 86963
4 37562 57579
6
48 76051 18553
48 66133 37231
48 94256 11058
48 48720 43974
48 98231 87200
48 9211 2896
6
53 53218 53354
53 93195 71296
53 73486 30919
53 96726 17755
53 87208 99539
53 67865 40331
6
47 33581 27038
47 38042 18081
47 42958 72960
47 43775 89171
47 61096 96031
47 92933 22733
6
35 98701 71456
35 20298 74606
35 17474 59129
35 92961 43446
35 26594 76651
35 42858 64283
6
63 91125 44371
63 8387 99741
63 15245 64885
63 14556 24230
63 43519 68688
63 12438 1958
6
22 15821 51092
22 59932 80999
22 35421 44861
22 1248 49564
22 54185 87162
22 43901 46675
6
93 73617 97808
93 62713 22046
93 63708 58201
93 60689 89181
93 79450 65712
93 91693 49883
6
18 7712 62861
18 65894 59239
18 5036 31227
18 72496 4999
18 45735 20296
18 56609 24466
6
21 23852 3774
21 14293 3462
21 2029 64246
21 31463 13021
21 73046 73811
21 12091 59297
6
69 58529 20188
69 53173 34321
69 31121 77000
69 2441 64141
69 82096 38329
69 22611 88023
6
54 17457 81786
54 84849 26638
54 19380 70950
54 95838 91782
54 17692 36421
54 42893 95261
6
9 99832 84025
9 94644 61984
9 11496 78712
9 76514 34710
9 57913 47139
9 16793 85574
6
92 30716 65777
92 60086 65279
92 55275 57753
92 55634 15722
92 83898 65060
92 37655 3032
6
32 67056 34003
32 6762 85466
32 68011 66716
32 48748 60996
32 29696 34103
32 58269 54245
6
10 26315 64639
10 99146 87234
10 89722 69434
10 71042 67423
10 43597 8087
10 48011 57893
6
10 9764 97334
10 2162 53425
10 34376 83661
10 27567 84604
10 93008 40356
10 18478 53843
6
7 9567 8011
7 52817 28153
7 42707 66308
7 47342 20110
7 56451 58570
7 2787 30418
6
52 45806 47899
52 40649 31130
52 544 18748
52 71198 42474
52 85283 99326
52 40097 52826
6
75 93277 2582
75 33140 11768
75 83193 1173
75 10249 38961
75 71546 19901
75 88970 54704
6
26 70254 43548
26 91729 34450
26 11674 66330
26 33019 15715
26 82556 70899
26 89542 53696
6
28 40726 71560
28 94086 42348
28 49679 36023
28 85663 41362
28 61437 90062
28 78718 60414
6
83 54404 9408
83 7932 75436
83 77404 3763
83 70677 83823
83 83113 99409
83 38890 76326
6
32 30641 89791
32 70927 45515
32 5527 20276
32 51679 5769
32 66874 14831
32 64297 99411
6
22 76621 67812
22 78142 64049
22 40995 23480
22 71029 89282
22 65180 76373
22 87695 58694
6
28 1639 43173
28 11311 14610
28 74565 34118
28 61005 33231
28 18570 69699
28 71911 62711
6
47 21026 73799
47 85857 36799
47 15593 47246
47 30161 91046
47 84314 21881
47 3325 9824
6
28 58772 61037
28 9643 94043
28 49151 86306
28 93994 20043
28 44614 81388
28 81130 14002
6
99 16820 45604
99 58281 2905
99 33916 89639
99 23538 75155
99 66139 72381
99 3933 87388
6
22 62284 43209
22 8343 75381
22 46522 85462
22 85566 95727
22 23949 94886
22 64151 40719
6
13 16796 92978
13 24594 51105
13 17649 76973
13 34985 99184
13 36901 68974
13 78441 76108
6
14 81715 72799
14 38205 48174
14 88822 9968
14 82404 82660
14 50841 14995
14 97510 52343
6
13 83981 47479
13 92457 90863
13 43046 50098
13 60608 89129
13 52429 16463
13 96265 26571
6
40 8377 797
40 6620 64394
40 76774 44460
40 23747 55755
40 23185 83354
40 81289 41260
6
90 60180 22565
90 68878 57495
90 5942 73341
90 42479 37217
90 41582 66508
90 73503 92588
6
54 96753 80485
54 10446 66951
54 3937 37637
54 5741 25712
54 46668 50888
54 72383 81270
6
34 50565 93424
34 52297 64420
34 53232 63589
34 80424 84056
34 55963 55364
34 15485 8476
6
94 96767 20465
94 15603 70518
94 82978 71163
94 9456 74363
94 61096 32253
94 41430 21730
6
60 66199 47697
60 99400 10609
60 77284 70798
60 82352 38515
60 57102 60646
60 19426 83888
6
65 68726 16971
65 95081 5037
65 87543 91468
65 9497 66198
65 98305 78352
65 30185 50253
6
35 87396 45506
35 2815 69625
35 50406 51315
35 10877 93255
35 81079 42212
35 89738 43882
6
10 80385 46482
10 87673 27627
10 29444 65951
10 3257 37639
10 42249 68685
10 99176 67180
6
46 47057 66994
46 84653 5919
46 88990 50960
46 17026 48869
46 15229 72077
46 41831 12058
6
91 41462 89379
91 64690 72250
91 97725 66905
91 77992 5252
91 75090 57143
91 11449 59639
6
74 11022 34065
74 51603 18108
74 40961 37113
74 37407 45754
74 8196 14939
74 91606 88583
6
74 74922 35351
74 79345 12876
74 76889 40855
74 68092 15678
74 16181 88373
74 18740 34974
6
44 29062 53467
44 74232 17498
44 34881 96268
44 93182 36596
44 21322 90719
44 54542 94175
6
57 58768 95723
57 16556 14143
57 95662 29124
57 15043 92587
57 11734 52094
57 30428 22211
6
67 13038 46733
67 4493 42981
67 8868 18408
67 27134 88266
67 61839 99013
67 5575 45878
6
23 43422 44994
23 40881 97728
23 96412 12522
23 43911 19340
23 5832 99870
23 38938 84096
6
23 59999 72554
23 95849 36242
23 41126 83272
23 76646 33177
23 27980 45967
23 91013 51635
6
76 72807 52485
76 43099 37235
76 50589 61123
76 54158 8878
76 71929 70474
76 49294 23360
6
2 61351 2673
2 63929 52432
2 49230 98974
2 1318 68997
2 59000 58293
2 6978 92185
6
91 19543 63255
91 64457 59855
91 62892 45656
91 45939 11284
91 88425 70346
91 86073 63919
6
36 18687 13193
36 15007 61196
36 4771 32810
36 68590 89207
36 43175 4677
36 66249 33984
6
60 63999 75692
60 46600 84273
60 73961 99717
60 69727 89140
60 46295 38387
60 13788 45209
6
55 58109 28741
55 26333 72398
55 11165 71932
55 34312 19260
55 98726 10583
55 21374 8782
6
65 13871 69878
65 32662 94139
65 71293 86712
65 75240 7268
65 86028 25812
65 96418 44283
6
78 13901 20334
78 33519 20912
78 82828 83407
78 49039 5122
78 12903 27501
78 82415 55012
6
84 11679 80245
84 44070 47851
84 50388 78448
84 70654 55650
84 89614 44694
84 35598 12072
6
31 73041 91061
31 30189 5716
31 70271 17735
31 87710 94389
31 42408 60181
31 99404 65933
6
97 25528 988
97 26361 9181
97 98981 13056
97 43540 23043
97 28689 2948
97 3497 40665
6
43 4898 72211
43 7744 29724
43 12586 97179
43 1362 40892
43 99153 82846
43 55495 94105
6
29 24689 60350
29 8822 52585
29 55180 50119
29 14811 74205
29 9977 29618
29 46990 97848
6
88 84953 92305
88 27808 4921
88 15691 30948
88 11934 22873
88 6906 35586
88 61434 97797
6
78 52551 92873
78 42673 19722
78 11852 76222
78 50063 90378
78 58521 71592
78 59523 31493
6
26 43228 85890
26 86592 11699
26 93602 22029
26 1314 54483
26 1918 13791
26 73482 69052
6
85 18698 82737
85 63935 70990
85 18995 69818
85 21938 31628
85 61003 24209
85 63836 8585
6
44 20478 91999
44 43171 79444
44 57446 57092
44 87385 47567
44 40491 44069
44 31052 34405
6
34 70022 9979
34 50892 30087
34 39975 91670
34 68767 15152
34 47190 46765
34 98825 31160
6
29 5065 10099
29 40670 77576
29 94122 87730
29 30779 37896
29 69938 16467
29 13722 2701
6
97 74407 86967
97 57630 66885
97 74106 99720
97 91036 31511
97 13738 21024
97 29281 77187
6
73 10085 20411
73 38302 72872
73 42775 66023
73 99273 50862
73 40203 23910
73 57751 43330
6
37 27638 474
37 82516 67208
37 92970 62561
37 89319 7389
37 3823 94476
37 15004 77095
6
22 682 92147
22 80374 99131
22 56750 7084
22 10647 30774
22 42925 89076
22 14404 15891
6
11 63231 55879
11 84118 61956
11 8506 48919
11 31459 36489
11 37485 66669
11 43799 29356
6
60 20634 7146
60 32908 76499
60 99861 59486
60 24301 43900
60 71304 60931
60 15877 41005
6
94 83099 25135
94 22003 32474
94 14407 11012
94 66935 13959
94 81415 31878
94 7484 63125
6
26 48417 38372
26 41621 41364
26 90667 40003
26 64445 66934
26 20513 58738
26 20279 71037
6
49 93178 34657
49 43420 72586
49 21975 92598
49 79263 69200
49 59299 68167
49 10170 89747
6
66 57973 31022
66 90323 60537
66 38096 35376
66 37029 91486
66 49226 29085
66 59966 36265
6
66 62295 15806
66 34876 47092
66 55847 8299
66 95134 36901
66 5242 67481
66 89632 15530
6
29 71213 19179
29 43268 66093
29 97675 34231
29 24219 80047
29 57883 16302
29 90779 49983
6
49 94961 59851
49 86335 95004
49 51761 17806
49 24791 2538
49 3299 44517
49 29101 20450
6
26 34261 48148
26 57194 92415
26 19178 95548
26 69537 74885
26 39203 71803
26 42791 18862
6
6 60536 95204
6 32206 32155
6 14261 97180
6 44363 32356
6 31798 16210
6 40870 60728
6
16 75741 36188
16 72353 74303
16 69075 16539
16 37983 55418
16 87132 75058
16 18226 11330
6
21 18662 76557
21 56684 62258
21 27209 92424
21 93801 29216
21 40795 57092
21 24038 33232
6
75 74128 15063
75 24523 1317
75 71674 35813
75 9729 80480
75 17029 32238
75 97995 40819
6
63 64785 53277
63 66562 85868
63 82826 86387
63 46430 86468
63 23797 94939
63 53866 11149
6
3 48041 17117
3 6575 22994
3 88154 31215
3 5462 3782
3 19812 87648
3 4574 61975
6
16 80764 59929
16 18877 19408
16 15316 57713
16 4807 26600
16 13799 93837
16 17958 10921
6
87 48825 98424
87 41886 72709
87 41633 52025
87 78105 67237
87 20063 32554
87 40092 97938
6
98 44814 15278
98 89812 50003
98 66602 75631
98 58032 41579
98 2464 46976
98 78435 27471
6
57 69062 40488
57 27820 13351
57 72404 82082
57 934 56654
57 87497 31310
57 53473 17009
6
31 29382 33743
31 87555 19388
31 42600 86843
31 9986 84929
31 94817 37868
31 73763 51441
6
4 77406 74725
4 22506 31709
4 63130 40593
4 83419 45289
4 36305 70677
4 95170 45776
6
89 39208 57387
89 17547 22597
89 81316 17145
89 44385 59117
89 83421 77786
89 80971 15411
6
52 28249 89820
52 48867 82888
52 88260 95385
52 67509 57285
52 50231 26035
52 58546 60994
6
34 55493 40187
34 9822 90021
34 60660 50437
34 88492 70907
34 7799 96125
34 9313 86421
6
47 96361 79548
47 45218 71268
47 83311 98436
47 80351 64842
47 91990 87864
47 57665 75941
6
48 62709 77873
48 73437 91513
48 9804 11704
48 80113 49104
48 58729 61217
48 32309 69083
6
80 25466 60190
80 7872 11665
80 20472 9952
80 42224 93029
80 97965 94375
80 38870 26001
6
1 57797 11154
1 23114 82713
1 87594 8255
1 20420 87050
1 48243 14841
1 73360 496
6
2 24693 35739
2 30727 85632
2 61738 27848
2 39217 68106
2 93090 51117
2 79750 475
6
63 28919 55646
63 36968 28725
63 38205 7563
63 45427 58779
63 74522 53630
63 46061 43538
6
66 82762 55461
66 7477 19165
66 25604 40394
66 28548 15776
66 70136 37024
66 66557 3307
6
69 18282 11396
69 35612 79763
69 60756 8583
69 93806 89355
69 51365 4339
69 12689 27899
6
15 579 63768
15 518 17082
15 29707 80736
15 2876 37706
15 38764 60107
15 31044 3570
6
64 12780 97354
64 75904 51046
64 50495 9558
64 62864 48810
64 43853 30446
64 96253 7344
6
95 20005 97894
95 13287 27896
95 55057 92904
95 55745 28779
95 23371 11367
95 6331 10427
6
63 45806 66755
63 87401 39830
63 84150 86626
63 5704 20588
63 29619 11971
63 84615 87304
6
96 71117 47943
96 99564 44676
96 42267 39671
96 80390 56724
96 58448 48180
96 80330 43679
6
34 20417 8572
34 38549 70755
34 25250 34233
34 5726 32422
34 53357 88593
34 49196 97089
6
23 82650 63736
23 5401 82450
23 43871 30912
23 4265 51388
23 13944 65705
23 55744 47282
6
15 36841 45403
15 32973 92933
15 4680 73843
15 2919 2777
15 73363 59930
15 43574 20589
6
31 21045 37470
31 68572 8077
31 67930 85345
31 6467 90292
31 73209 27143
31 25223 33933
6
32 22524 37384
32 59179 4314
32 27184 18555
32 53960 8677
32 19513 58792
32 70576 1303
6
18 31816 76360
18 2896 10760
18 28981 95730
18 31931 64811
18 26203 5604
18 19850 28548
6
42 64203 24122
42 35715 38517
42 18989 41983
42 76768 68041
42 39292 78574
42 84502 74988
6
85 70912 8779
85 24114 84040
85 33409 77784
85 76707 39257
85 28185 94537
85 89523 59524
6
11 99939 9109
11 91939 67362
11 51518 23180
11 31494 10067
11 86096 38583
11 91901 65979
6
24 32580 59457
24 94094 92177
24 57734 35268
24 75152 78885
24 40660 54389
24 78410 79682
6
79 22625 78787
79 56436 1277
79 29014 35396
79 96667 36395
79 55350 96760
79 14573 30668
6
96 15492 88475
96 87667 82041
96 29491 90371
96 95280 99466
96 64866 81446
96 24578 64798
6
65 38727 93637
65 31535 70804
65 17503 84726
65 97857 36133
65 73077 24408
65 97109 84118
6
99 38142 76758
99 22841 70813
99 91517 37337
99 78045 71404
99 20253 69953
99 40838 79629
6
78 68040 87280
78 14073 81865
78 66023 89289
78 87838 73252
78 15077 90435
78 37316 27651
6
47 56243 92159
47 90883 75029
47 97307 72822
47 66425 93064
47 8732 79835
47 24383 50224
6
46 70664 11527
46 26564 64691
46 93584 18357
46 90942 50692
46 63491 62517
46 92767 79726
6
73 47919 54383
73 18227 63674
73 96196 95206
73 50098 97362
73 80775 3985
73 11910 53044
6
6 54168 82117
6 30192 94325
6 9823 49768
6 16027 18702
6 60150 35866
6 14097 78838
6
21 63258 41702
21 34815 14133
21 26611 97515
21 31133 84700
21 36728 99852
21 41952 71892
6
15 37746 61184
15 60518 57755
15 92676 47689
15 90206 11110
15 8670 80178
15 39160 68277
6
76 13105 44421
76 43149 23457
76 27763 72812
76 81615 44327
76 99281 43696
76 35038 89914
6
12 34925 92419
12 68847 43015
12 27655 74998
12 26911 10837
12 8614 41361
12 34751 33590
6
6 23353 41384
6 56360 10174
6 14270 38712
6 96446 76718
6 75959 36468
6 80166 98001
6
63 60785 51483
63 31828 41878
63 82747 35557
63 57579 54058
63 9430 72520
63 66563 19034
6
25 20203 55731
25 21548 29327
25 46496 72109
25 8131 60507
25 54385 68351
25 47391 8206
6
61 37948 74916
61 66086 40782
61 38442 70539
61 41578 4287
61 29814 30818
61 20538 75830
6
56 13470 69613
56 97048 67905
56 48263 95320
56 4024 48285
56 42700 96745
56 62175 36151
6
9 54915 49334
9 17134 15312
9 85074 5336
9 57838 51369
9 97592 49039
9 37488 34035
6
61 17015 10524
61 58246 95590
61 70752 57555
61 56534 52920
61 71929 43619
61 92094 89925
6
38 7312 32832
38 97681 99651
38 5541 84019
38 89900 15107
38 16463 97396
38 52760 91755
6
71 61535 50782
71 83506 44614
71 97758 25896
71 99021 22981
71 21824 87923
71 49501 86767
6
94 35404 48516
94 93052 17681
94 72770 79237
94 61184 6207
94 77479 36893
94 46279 21084
6
20 36615 35727
20 78931 51861
20 88153 94796
20 2264 43740
20 8046 68717
20 59371 27091
6
16 77738 65759
16 91440 16957
16 43967 91269
16 43021 46819
16 14926 528
16 79650 76485
6
22 5528 70967
22 32369 11405
22 27338 67455
22 68487 92714
22 88157 8288
22 51100 81071
6
17 6188 10686
17 10065 95752
17 46529 89139
17 94179 90255
17 3572 20541
17 13063 10700
6
27 93748 46299
27 71238 26937
27 41560 6781
27 29370 75926
27 55114 39078
27 72089 70456
6
83 12124 30099
83 80969 21520
83 51199 97391
83 34353 76759
83 12723 14315
83 2989 5192
6
32 94353 56779
32 2843 27936
32 23752 25747
32 8875 39381
32 79342 34198
32 29827 257
6
16 9343 35606
16 24116 9233
16 7482 57792
16 56735 65004
16 57489 24296
16 27248 57181
6
84 18218 23324
84 94458 11145
84 81826 11991
84 28970 97667
84 39403 48339
84 93422 77431
6
40 4607 72323
40 97813 22607
40 41051 95809
40 62222 39094
40 34182 94729
40 7081 70661
6
43 64591 9307
43 58371 40991
43 45005 8954
43 14633 19246
43 55159 32206
43 35796 70149
6
10 11521 35976
10 63236 56894
10 81986 43165
10 291 5034
10 46846 36657
10 88324 9158
6
32 68791 60138
32 40612 29875
32 50258 84611
32 46905 50101
32 88701 4432
32 49064 95823
6
79 43839 98703
79 24557 68084
79 24819 32627
79 26876 17090
79 24884 48711
79 34383 77020
6
48 38475 50141
48 90097 48593
48 91472 11601
48 76939 78033
48 83064 511
48 95073 61377
6
56 37410 49127
56 73281 40930
56 26788 83235
56 6285 18455
56 27622 91549
56 702 31475
6
81 67961 3140
81 20958 48288
81 65732 91742
81 75806 94911
81 16807 7856
81 24841 66749
6
80 80187 59545
80 10060 65612
80 49082 33458
80 24710 38489
80 88224 47915
80 29652 567
6
82 35976 55169
82 44215 1522
82 52330 27299
82 50969 61491
82 18486 96040
82 22375 41548
6
72 12430 60369
72 84119 86541
72 41616 35101
72 72943 37203
72 65857 42384
72 11150 13780
6
24 97306 71971
24 77681 84175
24 87660 43768
24 1833 85074
24 1801 67859
24 62220 35700
6
76 84251 70919
76 66103 27299
76 88464 40268
76 66965 37654
76 65404 37441
76 88363 49111
6
74 29798 46659
74 771 63653
74 24247 4195
74 65044 73187
74 20335 23379
74 16971 46755
6
64 39453 83592
64 85931 30634
64 18426 97476
64 59045 24131
64 15404 25010
64 82971 87533
6
83 12350 45120
83 86456 51107
83 44837 74643
83 95801 64641
83 64933 99994
83 15186 24381
6
91 15336 95611
91 84711 68765
91 80910 14453
91 22564 64896
91 19911 43636
91 33450 35527
6
82 2884 49209
82 83012 53716
82 37763 38359
82 380 99089
82 31942 96104
82 96917 10121
6
48 94877 32313
48 28402 6924
48 98491 40755
48 21642 85811
48 145 98989
48 79533 55462
