100
3 3
1 2 1
1 3 6
2 3 4
6 5
1 2 6
3 4 0
5 6 7
3 5 1
4 6 2
3 2
1 2 0
2 3 10
4 3
1 2 0
1 3 1
1 4 2
2 1
1 2 0
2 1
1 2 1
10 11
1 2 0
2 7 5
2 9 7
1 4 2
1 8 6
1 6 4
1 10 8
2 3 1
2 5 3
9 10 14818
3 7 18309
10 15
5 10 26089
5 8 15687
1 8 92159
2 8 62147
1 4 60711
2 7 42594
4 8 58228
7 8 17636
2 9 66454
6 7 27847
1 9 89231
1 7 79984
4 7 1589
1 2 44771
3 7 86113
10 25
2 3 17120
4 5 2002
5 10 62800
3 4 88605
2 6 41246
4 7 57177
4 8 76522
7 9 48527
7 8 55752
4 9 97100
5 9 64154
2 9 39196
1 8 45361
2 10 99541
1 9 67689
2 4 36393
1 3 95868
1 7 8071
4 10 79279
8 10 75833
3 5 26073
5 7 64968
9 10 78090
3 7 29513
2 8 19033
10 17
8 9 50381
3 7 67458
2 3 43474
2 5 12204
5 10 52252
5 9 27731
3 8 10468
4 6 6
4 8 85941
1 10 733
4 7 31005
6 8 68581
2 4 27076
6 10 77855
4 5 20672
2 8 86967
1 3 79951
10 27
3 10 77655
1 6 46059
7 8 76669
4 8 16484
4 6 64552
4 10 36047
2 6 49633
6 10 2860
2 7 35104
1 3 75019
3 5 54192
3 7 30787
2 9 27875
4 7 11924
7 9 92490
5 6 44933
1 5 19798
5 7 34656
2 5 46269
8 9 63934
6 7 99529
3 9 79968
2 4 91835
3 4 86238
2 10 78086
1 10 31098
3 8 72039
10 29
6 9 47231
9 10 20676
2 5 96437
7 9 60134
1 3 28914
5 7 66791
4 8 87531
4 6 46687
3 7 66100
1 5 18653
5 6 74792
4 9 32367
3 10 91208
1 4 32473
6 7 8338
3 4 68172
1 7 54363
4 10 20069
5 10 90870
5 9 68763
2 6 6154
1 8 56641
2 7 14456
3 6 34104
1 10 77890
7 8 7864
3 5 32884
2 4 82471
4 7 17829
10 29
1 3 94347
1 8 38445
3 6 99446
6 7 38122
1 10 91062
4 9 75856
3 5 26438
8 10 58845
3 7 62583
6 9 26821
3 10 24499
1 6 2520
2 5 92511
1 5 49755
7 10 54249
3 9 82067
2 3 43983
2 10 19925
2 6 70913
2 7 56008
1 4 4678
7 9 57992
3 8 47473
2 4 18614
2 8 80071
1 9 66600
4 10 12101
6 10 68815
5 10 44549
10 31
6 8 9891
4 5 39949
1 5 8233
3 4 57890
3 7 29357
6 7 94940
4 6 20198
3 9 14421
1 7 51749
1 9 51276
9 10 13403
4 8 69246
5 9 85231
1 8 13001
5 8 13603
2 3 33054
2 9 90885
1 3 39835
2 10 50796
1 2 71208
6 10 73239
2 4 52691
6 9 28013
1 10 70276
2 7 3056
5 7 71970
2 5 61313
3 10 90477
7 10 84007
7 8 30505
8 10 51380
10 20
4 10 79092
5 7 68430
1 3 90577
1 7 11417
6 7 98930
2 5 25810
3 5 9213
6 8 92826
8 10 29821
4 7 75647
5 9 7252
3 10 93273
2 9 83966
7 9 98613
2 8 81518
2 10 25017
1 5 15975
3 8 38623
9 10 34133
6 10 42391
10 29
6 10 64777
2 3 77133
4 9 26084
5 9 99214
5 8 39066
3 5 8988
6 8 92892
3 4 91832
7 10 80659
2 7 69643
1 2 88839
5 6 96765
7 8 14267
1 3 75738
9 10 82102
3 6 26558
1 7 89732
1 8 77453
2 4 17040
7 9 26916
3 10 14075
2 6 57481
8 10 31466
4 10 5744
5 10 69734
4 5 76759
6 7 41679
1 6 79765
2 9 63974
10 34
6 7 10906
2 10 57302
7 9 66273
5 7 55683
3 5 83067
9 10 79384
3 8 34382
4 6 87930
1 9 66943
1 2 20667
1 8 32429
4 7 47378
5 9 65683
2 8 22761
1 5 82526
8 10 98160
6 10 1862
5 10 6694
3 4 1602
2 4 18075
4 8 62328
2 3 12987
4 5 97068
7 10 67208
2 5 18805
1 7 4493
1 10 91579
7 8 17838
1 3 68177
2 7 15414
5 6 36120
2 6 93425
4 10 93823
2 9 16693
10 44
3 4 17119
8 10 75433
4 9 96190
1 7 30620
3 5 37034
1 2 6084
7 10 73118
4 6 93988
5 9 4057
4 5 70318
2 3 85108
8 9 50823
4 10 20946
3 8 75928
2 6 16599
2 7 4089
3 6 49635
3 9 58586
1 6 52403
6 10 36543
7 9 75023
1 3 37420
2 8 46012
6 9 95716
1 10 75711
9 10 14210
5 8 74764
5 10 18822
5 6 71237
1 9 31727
2 4 84757
7 8 5560
3 7 11215
3 10 3599
4 7 2578
2 10 46177
1 8 31635
6 8 97282
1 5 48625
5 7 53055
2 9 56614
6 7 52572
4 8 67889
1 4 38767
10 40
5 10 67945
3 9 45120
2 8 76299
1 4 81484
5 7 42317
8 10 46031
1 3 16272
3 8 94686
1 2 51310
2 4 97338
2 3 7022
4 5 87425
1 10 19243
2 7 7121
4 8 11509
4 10 42527
1 5 97744
1 7 63845
5 8 49010
1 9 74412
3 10 83333
7 10 69083
8 9 78711
3 4 278
2 9 37226
4 6 47912
2 10 8924
2 5 85945
6 8 16595
7 8 56615
4 7 79193
3 5 14677
1 8 83042
7 9 7101
3 6 7318
4 9 88591
3 7 71850
9 10 39251
6 10 15693
6 7 2831
10 28
1 3 48436
3 4 32455
7 8 50739
5 9 89484
2 3 15989
3 5 90019
1 10 53064
1 2 69025
3 9 54913
2 8 31175
1 9 22487
1 6 7639
2 6 33675
6 10 11225
1 5 57029
5 6 7507
4 6 31343
7 10 35261
3 8 72291
8 10 73368
5 8 52738
3 6 71024
5 7 24054
2 5 94449
6 8 10770
4 7 27841
3 10 28271
8 9 47115
10 32
1 8 87797
2 5 74297
1 7 11837
3 10 89478
1 3 58336
6 7 8753
3 4 27885
1 9 35112
3 9 2928
2 6 63973
2 8 36338
7 9 48673
7 10 9380
2 9 82351
2 10 72721
7 8 68087
6 8 98701
1 6 49272
3 8 60402
1 2 19464
4 6 90903
5 6 86579
3 7 84816
4 7 37988
5 7 10629
6 9 42278
4 9 95016
5 9 11416
5 8 87156
6 10 323
8 10 71285
5 10 90315
10 26
4 6 42227
8 9 10189
4 9 65790
1 9 39217
2 10 58032
8 10 42199
6 8 91311
5 7 95309
2 6 43364
2 7 24033
4 8 53954
3 9 82692
5 8 81709
6 9 69531
3 5 2948
1 2 69763
7 9 64407
9 10 59982
6 10 38521
1 7 90225
1 6 13849
1 5 66035
6 7 94512
4 7 6118
3 6 20630
4 10 21296
10 19
7 9 44882
2 6 30355
5 6 15366
4 5 95399
1 7 61956
1 2 47314
4 8 42478
7 10 33822
5 8 86553
1 9 95998
6 7 79810
3 7 96358
3 10 75384
3 8 44796
3 9 87440
1 8 90259
5 7 62272
1 4 25178
9 10 31008
10 36
7 8 70980
3 4 6216
1 3 55569
4 8 16340
5 7 74836
4 6 46649
4 9 19432
2 8 84870
1 5 74103
2 3 94065
4 10 60357
5 10 91283
8 9 60872
4 7 7257
6 10 14051
7 10 5522
8 10 23451
3 10 42827
1 7 75906
2 7 44106
3 6 724
2 9 29977
5 9 85152
1 8 87086
3 7 53359
3 8 21073
3 9 65268
2 5 2684
1 10 35930
2 4 71475
5 6 25896
9 10 59293
1 2 79772
6 7 57375
6 8 17427
7 9 28690
10 23
7 9 33218
1 9 33933
3 8 22910
1 8 91299
2 9 96509
6 8 81739
4 9 67379
3 10 40890
1 4 87592
5 7 64823
2 10 97099
3 4 19223
8 10 24635
3 7 82096
2 6 40263
2 4 15004
8 9 4930
2 7 430
1 10 23459
4 10 64094
4 8 9042
6 7 45168
5 8 6240
10 12
3 7 98103
5 6 18906
1 6 19207
1 9 10626
1 8 96113
6 8 22235
1 10 18114
6 10 52582
5 8 76100
3 10 27880
2 4 69697
4 8 12905
10 43
6 7 45469
1 5 33860
1 7 6623
4 7 7677
1 6 4555
2 8 24797
3 6 85324
1 9 15662
1 3 42749
7 8 24325
1 10 55600
6 8 66669
2 10 81627
8 9 6941
7 10 25661
2 7 88604
2 4 167
4 8 77211
3 5 3589
2 6 21779
3 4 8606
5 7 75240
2 3 2623
4 9 51746
8 10 99281
5 8 74467
7 9 75418
3 8 74417
5 6 41770
2 9 3796
5 9 72450
1 8 69931
3 10 95189
5 10 99002
4 5 65532
3 7 35497
1 2 59164
6 10 64944
4 6 54205
4 10 55322
6 9 94952
1 4 81173
2 5 95530
10 16
3 10 49507
3 4 10642
1 6 1702
5 7 47175
3 6 66149
1 4 88958
4 9 90232
7 10 37147
5 8 34239
7 8 65947
1 7 50920
2 5 57526
4 7 47655
1 5 67978
6 7 41428
4 10 73874
10 13
4 6 58604
5 10 7574
2 10 94153
8 9 55238
3 6 56969
2 5 85039
2 9 26859
1 6 624
3 9 25313
3 7 95774
7 9 41910
3 8 78938
2 3 10969
10 29
3 5 17793
1 4 63848
6 9 27890
1 6 34485
3 8 40304
4 5 40210
5 6 86020
5 7 53943
1 8 93554
2 5 86395
5 8 96518
4 9 68658
4 8 61412
1 3 51267
5 10 43394
6 8 43195
4 7 67635
3 6 19306
2 4 10802
4 6 91658
8 9 46502
2 10 28747
3 10 18078
2 7 42032
4 10 8441
1 5 66780
1 2 85176
3 7 71691
6 7 66909
10 23
1 2 76154
9 10 50700
2 6 77119
5 9 84559
1 4 11199
4 5 31460
3 7 22862
4 9 66411
6 8 73967
6 9 86626
8 9 71276
1 3 7464
3 8 69803
3 10 18213
4 8 37716
5 8 67890
5 10 62274
1 8 27322
1 10 30345
1 5 26658
2 8 61297
6 7 40909
5 6 85891
10 24
4 6 90749
3 6 30938
1 3 68213
2 8 38246
4 5 78737
6 10 5810
1 6 15979
5 10 37596
7 10 91070
3 10 82952
7 8 82834
7 9 57163
2 7 90335
2 3 70625
4 10 48370
2 6 78998
1 5 51646
3 7 92442
5 9 7668
3 4 9854
6 8 70412
8 10 33873
4 9 38021
9 10 15762
10 28
7 9 81196
6 9 51068
4 7 36251
4 10 40110
6 10 64152
1 7 49366
3 10 10919
3 8 49168
4 5 12737
2 4 69046
3 9 83284
1 4 9655
2 7 98841
2 8 15443
5 7 74732
8 10 56880
3 5 28715
2 6 91937
1 2 752
1 10 52980
1 6 59930
4 8 8848
5 8 83444
7 8 63944
3 7 95621
7 10 80253
6 7 39635
3 4 64540
10 36
1 10 92519
3 4 5056
7 8 93767
2 9 36616
1 6 18859
1 5 83552
2 5 7483
1 2 8981
9 10 27996
4 9 6035
4 5 45988
5 6 4673
5 9 16327
1 3 93837
2 8 92518
7 9 71175
5 7 28345
3 7 39327
6 9 55248
3 9 12044
4 8 37370
4 6 89934
2 3 4357
8 9 19128
6 10 27407
3 8 39435
4 10 46065
3 10 32753
2 7 49885
5 10 30322
4 7 35538
1 8 96147
2 4 20752
1 9 73105
2 10 50807
5 8 25285
10 43
4 10 78917
3 8 9478
5 6 62313
3 5 1780
4 6 42857
3 9 64938
4 7 82572
8 10 10422
6 10 91436
5 8 65097
2 10 70707
7 10 85882
6 7 83096
3 6 61166
2 4 34818
5 9 16556
1 7 54064
2 3 61362
1 8 307
4 5 89237
1 10 61305
9 10 16613
1 9 28467
8 9 68149
2 5 6899
2 9 64701
1 2 41970
6 9 88712
3 4 51279
7 8 64468
6 8 61718
1 6 20500
7 9 77224
2 6 63173
4 8 75068
5 7 10110
2 7 91163
2 8 5529
5 10 41365
1 5 761
4 9 38225
1 3 62203
3 7 74421
10 38
6 8 72909
6 10 29386
1 9 98497
3 6 8680
2 9 41578
3 8 49426
1 10 34881
2 4 1347
5 6 3948
7 9 25064
4 7 28207
1 3 71219
8 9 97922
3 9 6110
2 8 34810
2 5 78056
1 6 87779
4 5 22314
1 7 46360
5 9 9317
6 9 51729
5 7 53026
1 8 74042
5 10 54771
4 10 8780
8 10 5248
5 8 54978
2 3 59894
9 10 49838
3 5 67018
1 4 11225
7 10 15928
3 4 4774
3 10 6207
1 2 50218
4 8 7697
1 5 17829
4 6 67555
10 12
2 9 45610
4 9 91271
3 4 49527
3 7 33322
5 7 95312
5 6 18328
2 10 97328
6 9 19050
7 8 898
2 7 21936
1 7 20426
2 4 38476
10 14
3 8 96916
8 9 78593
1 5 43341
5 10 15705
1 10 87095
1 2 59754
1 6 80905
7 10 82276
2 10 39470
4 8 98224
6 10 63327
7 9 20136
5 6 20319
5 9 83007
10 19
1 7 47839
3 8 18021
3 6 5000
7 10 39191
6 10 53585
3 10 27861
1 5 69594
1 4 12644
5 7 55101
6 9 14873
1 8 89369
2 10 9928
2 3 50697
3 9 75425
6 7 50142
2 8 1396
4 9 65496
2 5 30907
3 7 79409
10 25
2 9 23901
1 9 2806
3 5 91353
2 6 97358
4 9 8924
1 4 96966
1 6 96520
5 9 80748
4 6 7673
7 10 11203
5 7 25662
8 9 10584
9 10 45021
6 7 50454
3 4 90290
2 8 93664
1 8 65153
6 8 3773
7 9 21093
2 5 87826
1 10 89667
4 8 57732
4 5 81750
1 7 90297
5 10 56535
10 34
5 9 20536
3 5 19730
4 7 7299
3 8 63979
6 9 93438
6 8 2502
2 10 75523
1 4 13129
6 7 35365
4 6 41804
3 4 23002
5 8 41147
1 8 48305
5 6 67317
2 6 56081
5 10 88949
8 9 45012
1 10 79444
6 10 8818
2 8 84683
1 9 92242
9 10 45804
2 7 11485
3 9 1950
2 4 58820
1 3 64786
4 8 8434
1 7 40366
8 10 33292
7 10 4091
3 6 31699
4 10 16171
7 8 48467
1 2 40492
10 17
9 10 5565
6 8 86750
2 7 71774
1 6 24335
3 7 11708
2 10 69544
7 8 11325
1 8 26706
5 10 53924
4 9 29648
4 8 40598
1 5 2822
6 7 38911
1 7 5050
1 10 39998
4 5 28447
3 9 58579
10 43
4 8 61151
2 6 17245
1 9 27972
1 2 47920
7 10 18874
1 8 77393
8 9 98866
7 9 21735
1 5 30576
3 6 35960
6 10 50179
4 9 71394
2 9 47849
3 10 99485
6 9 80739
3 7 23188
2 8 48794
3 9 10627
5 10 85592
1 3 1896
1 10 82661
2 4 43063
2 7 57821
6 7 82503
2 5 86423
2 10 78404
3 8 38752
5 7 51483
5 8 27527
6 8 11966
4 7 75229
4 5 25663
1 6 26036
4 6 98106
2 3 39064
1 4 95610
4 10 42693
5 9 44537
5 6 34729
7 8 90472
3 4 20097
8 10 58803
1 7 70596
10 11
1 9 62928
1 7 17437
6 9 10153
5 7 21821
3 10 35656
2 3 95794
7 10 12393
3 6 13776
7 9 85273
4 8 25189
8 9 924
10 45
4 6 47179
6 9 29942
7 10 85278
1 9 58301
3 4 64123
6 10 90030
2 5 3515
1 5 31390
2 3 17916
3 5 55858
1 8 95569
1 4 6829
5 7 65913
2 6 27406
3 6 61629
9 10 40590
1 7 25666
4 8 72087
5 9 15353
8 10 56320
1 6 87281
4 9 44302
2 8 49235
2 7 79114
7 9 99421
2 4 61152
3 7 13051
6 7 86859
3 10 36472
7 8 43557
5 6 8282
8 9 30533
1 2 1892
3 8 29588
4 5 5142
1 3 61972
1 10 70251
5 8 35841
4 7 69159
5 10 74597
4 10 14834
2 10 56762
2 9 55338
6 8 9732
3 9 71976
10 39
6 8 94949
1 4 73661
6 10 64982
3 5 41708
3 9 47363
4 7 54042
2 5 60694
5 10 813
1 10 69101
4 10 12296
4 8 9316
2 7 39347
5 7 9534
2 6 98725
1 5 56434
3 7 47444
1 9 51942
1 8 47454
4 5 29691
1 6 90914
2 9 67415
2 4 18206
5 8 7663
3 10 57100
3 6 57630
4 9 46054
1 3 83874
4 6 62360
8 9 14367
1 7 82800
6 9 43202
1 2 35659
2 10 55157
2 3 95692
7 10 28174
5 6 31533
7 9 99279
9 10 86329
8 10 76135
10 31
5 10 60173
4 6 22199
4 8 10920
2 4 81120
2 3 85705
5 6 95879
8 10 53620
7 10 60510
2 8 93483
7 8 57003
3 8 20785
1 6 42722
1 5 20316
1 10 44352
1 3 29065
5 9 33432
7 9 30126
6 8 30955
2 10 24214
9 10 65599
1 2 83467
3 7 50020
3 6 68477
6 10 94937
6 7 60940
4 7 83435
4 10 96409
3 9 96760
1 7 88391
2 7 33956
2 9 11433
10 20
2 6 66987
2 4 93791
5 10 96531
3 7 64143
1 6 4931
6 8 48485
5 7 83325
1 3 94993
9 10 17073
1 8 57902
5 9 75753
1 4 46503
4 8 24833
1 7 37963
3 4 96493
3 10 62400
8 10 7603
6 9 42949
3 8 76195
4 9 20668
10 43
3 5 86575
4 6 85571
1 9 10228
2 8 66117
7 9 52918
2 6 16419
7 8 38351
6 7 75965
1 2 55297
1 3 15993
5 9 78054
6 10 51594
1 4 50997
1 10 6217
4 5 980
3 9 48766
4 8 29389
6 8 66025
4 9 29616
7 10 29773
2 9 87317
3 8 72965
1 6 85337
8 10 59881
8 9 66965
1 8 75215
5 10 9543
5 8 26204
5 7 93036
9 10 89951
4 10 90320
2 4 83675
6 9 20140
1 5 9903
3 4 894
2 10 42162
3 6 42738
2 7 9722
2 5 54834
4 7 16276
3 10 69007
5 6 48417
3 7 84565
10 22
7 10 69877
2 3 84732
4 5 52970
2 7 11065
3 8 59194
5 9 57921
1 5 24024
3 7 49811
1 8 71672
5 8 40372
1 10 86246
3 5 48167
2 4 72871
1 7 38504
2 9 57500
8 9 91081
3 6 45929
2 10 60918
4 7 40822
4 9 67534
5 7 78520
1 6 26981
10 37
3 4 93631
9 10 23119
4 8 90006
8 10 40828
2 4 11041
3 9 99506
3 6 16488
2 8 24071
2 6 93695
2 7 98953
4 9 50152
3 8 85810
1 9 34850
4 10 56340
1 4 17622
4 5 74461
5 7 37017
5 6 18843
5 9 61159
8 9 60005
5 8 92540
4 7 42503
2 10 50249
1 5 114
1 6 7295
6 7 13545
1 7 84603
7 10 33273
3 5 48223
5 10 60542
2 3 83422
3 7 0
7 8 85890
1 10 93317
6 9 6379
1 3 69093
6 10 71276
10 31
2 6 90948
2 5 95445
3 8 82008
5 8 0
2 10 78920
2 4 94044
7 10 44955
5 10 85546
1 5 42856
4 6 64689
1 2 9342
2 7 14854
6 8 71639
1 6 80736
8 10 21869
5 6 27276
3 6 19046
6 10 15327
8 9 68645
3 5 63821
9 10 35295
3 10 39158
4 5 78393
1 3 52427
2 3 75456
7 9 6420
4 10 22514
4 9 37869
1 8 47660
5 9 90518
2 9 85518
10 12
6 9 43891
7 10 0
4 6 28995
1 5 87903
3 8 39444
6 8 11482
3 6 37714
2 10 327
3 4 40141
4 5 37454
3 9 77144
2 7 96626
10 28
4 6 28563
1 7 79535
3 10 94121
4 7 59042
2 4 36125
1 2 80860
6 7 84470
7 8 8571
2 8 63360
4 8 29015
5 7 24705
3 4 73342
2 7 23059
1 10 49689
3 5 11618
4 10 53675
2 9 97154
1 6 72973
7 9 61331
2 10 0
5 9 69173
3 7 29242
6 9 48565
3 9 29569
1 5 25427
6 8 18431
1 9 77518
4 9 97599
10 13
2 5 43725
4 9 69133
3 8 87981
2 9 75123
6 8 51791
1 10 47557
9 10 20777
7 9 0
3 9 8562
2 8 46583
3 6 75574
4 10 67364
4 7 92809
10 32
1 7 95108
2 5 3418
6 8 15238
5 7 22733
5 10 57543
3 5 30831
1 2 64910
3 8 26840
7 10 12397
6 7 77286
4 7 62813
1 9 72125
4 10 18100
1 8 82005
2 3 10235
2 4 33956
1 10 48851
3 4 81873
2 8 61023
3 6 15309
4 9 49665
1 4 33619
1 3 7664
6 9 17427
4 8 23837
4 6 41320
3 9 8455
8 10 10968
9 10 59028
1 5 67340
8 9 0
2 10 33827
10 18
7 9 75248
3 10 4778
8 10 0
2 7 67466
1 2 13820
6 10 58276
5 7 95363
4 8 82329
3 6 56631
1 4 95245
3 8 88129
4 6 32479
1 5 9095
2 4 64088
7 10 82534
1 3 46181
5 8 91544
6 7 59590
10 15
2 5 5757
1 5 2824
4 9 99774
1 7 86037
2 8 0
3 9 37905
1 2 44042
7 10 92773
6 7 97395
3 4 63234
1 9 82159
4 8 15712
8 10 49935
3 7 43
3 10 99069
10 39
2 6 71704
3 9 20328
7 9 0
3 8 41367
3 5 45173
4 10 25260
1 4 41643
5 7 16753
6 7 20675
3 10 8917
9 10 22203
6 10 79997
4 5 56991
2 4 65097
3 7 97686
5 10 94144
2 3 66424
5 9 6098
1 9 47579
1 6 7497
8 10 3705
1 10 1363
2 10 39535
3 4 85578
7 10 31396
7 8 26884
4 7 86746
4 8 51980
6 9 87391
6 8 82568
2 5 1706
1 3 62634
3 6 29156
2 7 51507
1 8 51918
1 7 32099
1 5 11490
1 2 7609
4 6 84667
10 10
6 10 56628
2 10 59286
3 10 89522
6 7 29629
9 10 87179
3 5 3378
4 9 72244
1 7 0
3 8 26181
4 6 74335
10 28
5 6 47933
1 2 47311
2 4 80777
3 10 11187
4 8 65119
2 10 30842
2 3 0
6 7 58608
8 9 45920
3 4 56702
5 9 88739
4 6 15670
3 7 60842
7 8 70896
3 8 61122
2 8 75102
1 5 85032
1 9 9997
6 8 89457
8 10 7570
1 4 41021
1 10 35850
6 9 82063
7 10 8279
1 3 85405
4 5 58874
2 7 79977
3 9 23543
10 37
2 8 11906
2 5 78830
7 10 3958
2 10 7455
1 5 95907
2 4 83896
1 8 97107
2 7 21465
5 7 88651
3 5 64436
1 2 37314
3 4 11838
1 3 90435
2 3 82541
3 9 15677
9 10 16790
4 6 66832
8 9 75725
1 6 53781
6 8 66265
6 9 42883
1 10 25300
3 6 10146
4 9 95674
7 8 72620
8 10 43116
4 5 81376
3 10 35392
1 4 59192
7 9 70299
5 6 0
1 7 5550
6 10 51688
4 10 96212
3 7 9660
2 6 74994
5 9 52040
10 35
2 3 19332
1 9 77207
3 4 72206
4 7 82433
6 7 74887
7 10 53788
5 7 84688
2 9 1008
3 10 76208
3 8 14176
2 8 4021
5 9 56931
1 8 53368
1 5 64258
8 10 65723
4 6 2735
3 6 45929
3 7 45900
7 8 64999
3 5 11967
2 7 73462
1 7 61154
2 6 83109
5 10 89309
4 10 0
4 5 83729
1 3 77505
4 8 24499
3 9 76717
6 10 61139
9 10 47108
4 9 11324
2 10 57063
5 8 12370
6 8 76791
10 41
2 7 93615
5 8 43842
1 2 23433
3 7 28654
1 5 89903
4 6 62939
4 10 91714
2 10 23816
1 3 54970
2 6 24007
7 8 90330
1 9 35579
2 3 91262
1 7 63615
5 10 75862
5 7 61727
8 9 55538
6 10 98259
4 8 94264
6 9 82518
1 10 60108
6 7 97698
9 10 19769
6 8 30163
4 7 74208
4 5 15904
3 6 12080
3 4 57477
5 9 17545
4 9 26322
7 10 42717
2 4 69280
3 10 69461
1 8 87409
1 6 99345
2 5 0
3 5 80776
2 8 39823
2 9 60743
3 9 37908
8 10 62083
10 39
1 8 36114
8 10 44660
5 10 45644
1 9 44630
4 6 92634
3 7 7415
1 3 24664
2 10 23548
9 10 56070
1 10 95847
6 7 44654
2 7 32170
7 10 51863
2 4 10732
4 10 79686
4 8 26405
3 9 89604
1 5 53172
6 8 60799
5 9 27474
5 6 94972
2 3 15791
3 10 51623
4 5 55889
2 6 26830
1 2 23398
4 9 70206
1 7 0
5 8 36509
4 7 30963
7 9 44334
6 10 64433
3 8 50510
7 8 77743
2 9 82133
1 4 69458
5 7 25002
6 9 52328
3 6 27644
10 16
4 7 87818
5 9 57792
3 7 6978
5 8 57843
1 9 53859
6 10 32288
2 6 66981
1 3 18440
4 5 38281
2 10 0
1 4 2980
1 6 60304
5 10 54177
2 8 67972
2 7 74434
7 8 4480
10 38
3 6 16638
1 7 48596
3 7 95777
9 10 28676
6 7 11667
5 10 96291
8 10 24003
4 9 44095
1 6 72686
1 8 92466
5 6 0
6 9 65438
4 6 34422
3 10 60287
2 7 64077
4 5 48079
6 8 87789
4 7 69588
2 6 81373
7 9 17898
2 8 32763
5 9 64135
1 9 47436
3 4 59626
3 8 97139
3 5 56117
7 8 10084
6 10 42177
2 10 75138
5 7 28328
1 10 78116
1 2 46333
4 10 21184
2 5 20014
1 4 3875
4 8 46822
2 4 12127
1 3 33223
10 11
2 10 80022
6 8 97453
2 4 30203
4 9 63409
1 4 65797
2 3 69487
2 6 72789
1 6 89728
6 7 51543
3 5 19704
2 7 0
10 29
6 7 849
3 5 40981
1 7 82515
7 10 57395
3 4 63796
4 9 70124
6 10 74379
1 8 37758
2 3 41777
1 5 71226
1 4 2762
8 9 99531
1 10 91534
2 5 8999
6 9 20875
3 10 19472
5 7 76337
3 9 79598
6 8 18168
3 6 73748
5 10 35306
2 4 17784
4 7 2021
1 6 44545
5 8 0
8 10 93851
4 10 6805
7 9 23674
2 6 77573
10 30
6 7 49174
3 9 15182
2 8 91664
4 7 64938
5 7 59708
1 7 54807
4 9 12427
2 7 0
5 8 58299
6 10 92109
8 9 71949
4 6 70453
6 8 15957
7 9 17828
4 5 95249
4 10 94500
3 7 42406
1 9 48879
1 5 2030
7 8 56581
2 9 94457
3 4 27928
9 10 24553
3 8 25375
2 5 79267
6 9 70116
5 6 81909
2 6 65461
1 8 15797
1 3 49046
10 45
1 6 72726
6 10 81169
4 9 77896
5 7 38841
4 5 55074
3 7 39576
3 4 55316
4 8 43313
6 9 18985
5 10 11822
2 4 10649
5 6 2520
8 9 13961
1 7 36970
5 9 68518
1 2 46963
2 3 83257
7 9 77240
2 10 74073
1 5 38079
6 8 8008
7 8 78721
2 7 50989
3 9 63932
3 10 58004
1 9 56438
6 7 72750
1 10 76544
4 7 0
2 8 5538
3 5 68547
4 10 69826
3 6 49782
5 8 16021
7 10 82967
2 5 55403
3 8 99707
4 6 44429
2 9 63236
8 10 21448
2 6 47170
1 3 91978
1 4 20044
9 10 95952
1 8 9809
10 25
5 10 29024
2 3 22599
9 10 14054
2 8 66886
1 4 63996
5 7 3403
2 10 44234
4 9 5458
4 5 79304
2 5 0
3 5 8467
1 10 62955
5 6 13549
8 9 94842
5 9 89790
6 9 73944
8 10 30970
1 7 44032
3 10 88452
4 6 76954
7 8 74320
2 4 96286
6 8 95733
6 10 58425
1 3 48400
10 32
2 6 96644
3 8 1127
1 9 39027
3 4 57328
1 4 34311
3 9 3256
3 5 77683
6 10 66657
4 7 41273
4 9 79091
4 5 0
6 7 77183
6 9 10254
8 9 57857
3 6 15515
4 10 66383
1 5 86739
6 8 24509
7 8 48625
2 3 1235
3 7 98656
4 6 48911
2 4 51600
5 10 8901
7 10 34465
1 6 73736
2 9 7008
9 10 16012
5 8 94913
3 10 79849
1 7 12681
2 10 74974
10 15
3 10 35254
7 9 26863
2 4 0
2 5 18028
1 5 11438
8 9 72163
5 7 36688
7 10 73382
8 10 86973
5 9 92901
4 6 51373
3 6 85187
1 9 88875
3 5 94144
1 10 64834
10 29
6 9 42479
5 8 98433
8 10 55486
1 7 83176
4 8 22567
3 8 87678
1 2 97083
5 6 61332
8 9 50243
5 10 12691
3 5 151
1 4 79723
2 5 2986
4 7 42580
6 7 59178
6 10 48983
7 9 63126
5 7 38128
2 3 93837
1 5 45290
2 6 40107
1 3 70960
2 10 62769
4 9 20010
4 10 66701
2 9 0
3 6 9591
2 8 112
1 10 87394
10 45
3 4 35228
1 3 81534
3 8 22266
6 9 42790
7 8 94759
1 7 27883
2 8 13678
4 10 57491
8 10 12820
4 9 17110
4 8 69087
2 7 34858
2 5 73491
1 10 87910
2 9 16714
5 8 59338
1 2 18452
6 10 10274
3 6 43646
3 9 57613
2 10 87560
4 6 78235
1 8 45573
6 7 87434
1 9 0
2 6 3079
2 4 90169
9 10 69435
7 9 66242
3 10 70293
8 9 58258
2 3 31218
3 7 55117
1 4 2755
1 6 37312
1 5 20416
7 10 84926
5 7 3593
5 10 188
3 5 92024
6 8 26674
5 9 88044
4 5 33393
5 6 92058
4 7 21709
10 33
1 6 24936
6 8 49859
1 7 8286
1 9 1258
1 2 72371
4 5 75117
5 9 0
3 5 53401
4 6 25823
4 7 99700
6 7 21619
2 10 27663
5 10 5642
5 8 96123
6 10 75090
1 3 10094
3 4 55173
2 8 29479
9 10 80636
7 9 24996
6 9 95498
8 9 43861
4 9 90180
4 10 86599
2 4 50020
3 10 35947
2 3 62443
2 5 50397
3 9 10114
2 7 66442
2 9 5711
5 6 73957
3 6 87921
10 15
1 10 72986
4 7 5994
3 4 68967
4 10 1227
1 3 70557
4 5 77703
3 6 63017
2 3 98754
2 8 80036
6 7 7010
3 5 61174
8 9 24845
5 6 0
2 5 20642
1 5 74011
10 32
1 7 17694
4 9 33709
5 7 28529
3 7 97718
5 6 53975
7 9 69954
4 8 95044
6 9 0
3 10 67961
5 8 38897
6 8 42442
1 8 12631
2 10 36976
1 4 55534
9 10 22496
1 6 41379
5 10 6886
2 6 99443
3 9 34683
1 3 58978
2 9 13193
7 10 8855
8 10 72214
4 7 70573
5 9 16580
1 10 71273
1 2 36220
4 6 50717
1 5 45617
4 10 80291
6 10 78343
3 4 35203
10 43
7 8 40796
3 6 78025
1 2 88040
1 10 21714
3 4 54365
3 7 8634
1 4 63107
2 10 86851
7 10 34088
7 9 0
2 7 95678
6 7 19468
6 8 10373
4 10 59812
6 9 27979
4 8 60804
5 8 6934
4 6 4247
2 5 42093
3 9 51343
6 10 72030
4 7 69255
3 5 15872
8 10 28806
3 8 55461
1 7 67691
5 10 2915
1 8 46780
4 5 5228
2 9 27853
9 10 49074
2 6 69687
5 6 78728
3 10 95096
1 5 80541
5 9 20771
1 9 69511
1 6 77791
2 4 2045
2 8 84509
5 7 80234
4 9 53301
8 9 92728
10 43
4 10 72636
1 3 76433
4 8 68598
1 6 18934
5 6 12453
2 7 0
3 9 85341
2 9 96311
3 4 88419
6 9 5379
2 5 69815
5 7 7158
7 8 27581
2 8 11841
3 10 70186
5 10 91018
3 8 61650
6 8 52224
3 5 87108
6 10 58179
8 10 52406
4 5 3409
1 8 19850
1 5 46405
1 4 66658
7 10 52926
3 7 34992
4 6 74639
1 7 95246
5 9 38343
1 10 5372
2 4 75655
4 7 20871
4 9 84874
2 3 93991
5 8 23801
6 7 89582
1 2 86524
2 10 71368
7 9 50485
1 9 82927
3 6 91306
9 10 73889
10 18
3 4 14334
1 5 23484
9 10 99375
2 3 0
5 6 85092
3 7 73250
3 5 18723
4 9 92574
2 8 82970
5 7 45788
2 4 58931
1 3 36373
6 8 2134
7 9 9522
6 7 65876
8 9 68723
2 9 70706
3 8 4914
10 37
1 6 26906
1 2 92703
2 5 8648
4 7 41893
5 7 85463
4 6 4414
1 8 20459
4 10 5259
5 6 80174
7 10 36099
5 8 96632
3 6 33295
4 8 73088
1 7 77606
9 10 22623
8 9 83802
6 9 92916
2 3 93222
4 9 90495
2 6 83779
2 8 79870
1 5 91202
1 3 49713
5 10 43851
2 7 47117
6 10 0
1 9 35544
6 7 57299
3 7 13717
5 9 37698
3 5 23995
3 9 12710
8 10 82511
4 5 97984
2 10 44800
1 10 72459
1 4 39363
10 30
3 6 31489
4 5 62409
2 3 3251
7 10 15545
4 9 27827
1 4 56661
3 9 92165
7 8 50588
8 9 93043
4 6 79123
5 8 26771
6 7 11253
5 9 21250
4 7 57915
1 8 76855
1 9 93828
3 10 94292
8 10 0
1 6 27699
3 5 20354
2 5 73797
6 8 44961
1 3 1281
4 10 79759
3 7 54713
2 4 71402
2 7 79483
4 8 1021
2 9 84920
1 10 66051
10 42
2 9 61174
2 10 94361
6 8 19488
9 10 66032
6 9 75074
1 9 44090
8 9 67831
8 10 0
3 10 73549
2 4 18189
2 7 28843
2 6 55186
2 5 19334
1 7 21627
4 6 81691
3 8 46088
1 5 81786
3 6 8444
7 9 31496
4 9 9259
6 7 22890
4 10 4824
3 7 85334
5 9 19142
5 6 3997
7 8 44313
3 4 36085
5 7 22920
2 3 4904
1 2 42470
1 3 29229
1 10 5357
4 5 67421
2 8 46948
4 7 8579
3 5 71450
1 8 14943
5 10 83100
5 8 69428
7 10 19906
6 10 157
1 6 46073
10 41
4 6 26033
4 8 13206
8 9 66021
4 10 26261
3 9 4298
1 5 15960
3 5 9739
4 7 64912
5 6 85531
3 8 35820
5 10 58109
3 4 81208
3 7 77535
3 6 14057
4 9 74592
7 9 46
1 9 17299
1 10 88366
2 8 53122
6 8 5175
2 10 37642
1 4 96703
5 7 47828
1 2 7389
1 6 96318
2 3 6615
6 10 90003
8 10 28860
1 8 30507
2 6 63518
2 9 55909
6 9 29083
6 7 54981
7 10 97657
3 10 38447
2 4 0
1 7 26951
5 8 97200
2 5 48535
1 3 89683
5 9 70483
10 13
1 3 38123
2 3 31318
7 8 3417
1 2 61020
6 9 35571
6 7 35404
5 10 96521
1 4 21016
5 6 55116
2 5 14732
3 9 76524
1 10 0
1 8 91821
10 35
6 9 62692
1 6 42093
9 10 30258
6 10 46054
8 10 33426
1 3 91208
2 6 57815
2 9 55566
3 8 71274
4 6 8697
2 8 30706
3 4 23866
3 5 0
5 8 65215
5 7 29478
1 2 43973
2 10 24477
5 9 6573
4 7 68896
2 3 63941
1 5 90428
4 5 69060
7 9 31126
2 4 98932
1 10 4379
1 4 6622
3 7 32039
4 8 51012
4 9 36063
1 9 50294
1 8 23325
7 8 48554
3 10 9271
3 9 98544
3 6 52946
10 42
4 7 81216
2 5 42279
5 10 12240
1 8 574
1 7 9215
1 6 0
3 4 28379
2 6 44706
2 7 71422
9 10 41326
6 9 79466
6 8 51247
4 10 86502
1 9 9884
1 4 71116
7 9 27525
1 10 39270
3 9 49011
1 3 89222
8 9 86689
5 7 12531
5 9 25368
6 10 49390
2 8 85990
7 8 55570
2 3 5024
4 6 64946
6 7 73734
3 6 43579
3 7 24548
2 10 26380
3 5 56466
7 10 81454
4 5 20816
5 6 71672
8 10 22476
3 10 69334
2 4 57327
1 2 78492
2 9 55416
4 8 4609
1 5 73913
10 11
2 9 0
2 5 44735
2 10 44863
5 10 8784
7 10 55264
1 3 19313
8 10 43670
4 7 77927
3 4 69508
3 5 99218
5 6 25235
10 25
2 5 17751
6 7 28664
1 3 83871
2 9 0
1 6 29624
5 7 51876
2 3 34431
9 10 76729
1 9 67654
8 9 82084
1 8 33963
5 9 82176
3 9 63304
3 6 4197
4 10 62976
4 6 48137
4 5 22117
3 5 77492
4 8 69305
4 9 68596
7 8 40979
7 10 51827
5 10 7536
6 9 51097
1 4 4061
10 36
3 5 90555
3 7 36935
1 5 2810
6 7 96504
1 8 7560
8 9 71254
2 4 2644
3 9 97813
5 7 3643
5 10 17300
5 9 64518
3 8 34575
5 6 94841
2 9 15162
4 5 0
7 10 20915
1 10 95954
2 7 94347
3 6 40656
6 8 64779
1 9 66795
1 2 65300
7 9 26785
6 9 49838
2 3 8562
1 3 21406
2 8 68362
9 10 19198
4 10 17870
1 4 6334
1 6 2014
4 8 30107
2 10 88934
4 9 30275
2 6 3223
4 7 45240
10 12
6 7 20089
3 6 37303
7 8 83911
1 2 39801
1 8 18966
3 10 0
6 10 92343
1 3 95170
4 6 99177
2 4 30264
1 5 63565
6 9 43600
10 15
1 4 70815
5 10 29440
2 5 68778
2 7 19036
5 9 75299
1 7 3981
6 10 95156
3 9 52604
4 7 0
9 10 8184
2 4 78168
4 10 98790
1 8 11296
1 10 64400
6 7 54893
10 12
2 3 23359
5 7 23516
4 10 248
6 8 0
4 5 47029
4 7 51795
5 9 44734
7 9 59966
3 5 13607
1 3 50436
1 8 40830
3 7 50366
10 29
1 6 47896
3 8 82141
4 6 8816
1 4 75429
7 9 37860
4 5 2873
1 5 795
1 7 10607
9 10 9107
1 10 66583
3 7 38742
5 6 98401
4 10 86074
3 5 33639
3 6 0
1 3 20999
7 10 26204
3 4 37800
4 9 84077
5 8 83850
3 9 84553
7 8 73716
8 9 3826
6 8 45821
1 2 58915
3 10 64463
6 10 89958
5 10 62905
2 9 24934
10 27
3 4 58355
5 10 330
3 7 35682
1 2 23887
2 10 75479
6 9 91531
1 7 6154
3 6 88386
3 9 89059
1 10 69788
5 8 0
1 6 36118
3 5 1587
7 8 79374
2 7 64334
1 9 31371
8 9 18933
4 6 54786
4 10 99010
2 5 98814
5 7 18480
5 9 90409
5 6 78438
1 3 92484
2 4 33448
6 10 33625
1 4 5735
10 28
8 10 80317
4 10 27162
2 3 10630
2 10 54964
2 9 90606
1 10 53927
2 8 11393
1 7 0
5 10 12843
4 7 39506
5 8 87522
4 5 75205
1 5 77415
1 6 15229
1 8 24298
4 8 2422
9 10 8869
2 5 34394
7 10 39263
7 8 33629
3 10 71296
5 9 6938
3 9 33302
3 6 99886
2 6 1750
4 6 12445
1 3 7199
5 6 31282
10 31
4 7 56124
1 6 60141
1 7 84843
2 4 31639
2 5 9564
4 10 63510
1 2 83100
8 9 15487
1 3 31760
4 8 97658
6 7 16877
3 6 75930
5 6 14192
6 8 55271
2 6 35596
7 10 57636
4 5 73755
3 7 0
4 6 16660
8 10 99772
1 10 60176
1 9 31219
9 10 63059
2 10 21513
2 3 90412
3 5 80561
3 9 71467
3 8 39867
4 9 32127
1 4 26426
2 8 83561
10 45
6 7 83900
4 8 23028
8 9 92733
1 7 2817
6 8 12831
9 10 13380
2 10 0
4 10 92020
1 10 48454
7 9 6856
1 5 52265
6 10 9133
3 10 4165
1 2 53792
4 5 32918
4 9 62924
8 10 17877
7 8 80308
1 3 43754
3 8 86327
5 6 37189
6 9 60494
2 5 85237
4 7 66981
1 6 28404
3 9 49392
5 9 53676
1 4 9687
5 8 20793
7 10 36455
3 6 69478
5 10 82265
2 6 73718
2 9 41944
5 7 69668
3 7 11863
4 6 98778
2 7 95669
2 4 22636
2 8 15375
1 8 74605
1 9 53645
3 5 78566
2 3 31052
3 4 80831
